2 0.236144 0.758908 0.000688859 0.00332733 0.000301674 0.000386639 0.000114617 2.89107e-07 3.89842e-05 8.93044e-05 
3 0.581874 0.413 0.000992734 0.0030886 0.000689515 2.33686e-05 8.26901e-05 8.19784e-07 1.09315e-06 0.000246964 
4 0.0993167 0.383632 0.208186 0.0812747 0.0615059 0.0451704 0.0328722 0.0282839 0.0127041 0.0470533 
5 0.0528008 0.799365 0.0677627 0.01992 0.018098 0.0114378 0.00832342 0.00716162 0.00321674 0.0119141 
6 0.06223 0.199536 0.64431 0.0478588 0.0148389 0.00904278 0.00720774 0.00462362 0.00222906 0.00812244 
7 0.181384 0.817263 0.000933335 4.70252e-05 0.00035314 6.58972e-06 6.02278e-06 1.70697e-06 1.77113e-06 3.65263e-06 
8 0.0863927 0.554967 0.125697 0.14196 0.0326513 0.0169353 0.0134507 0.00862834 0.00415975 0.0151576 
9 0.179401 0.35769 0.217419 0.120835 0.044659 0.0234653 0.0183681 0.0117828 0.00568052 0.0206991 
10 0.235245 0.270963 0.479565 0.0109641 0.000689561 0.0021766 0.000153058 7.74403e-05 5.24514e-05 0.000113941 
11 0.0911836 0.857823 0.0478946 0.00205776 0.00045048 0.00021361 0.000117258 8.00716e-05 4.52799e-05 0.000134183 
12 0.236042 0.33927 0.391978 0.0107812 0.0111796 0.00805512 0.000890883 0.000572817 0.000387977 0.000842809 
13 0.167374 0.778018 0.0425258 0.0050711 0.00170452 0.00155247 0.00259268 0.000368959 0.0002499 0.000542862 
14 0.492235 0.505268 0.000311305 0.001745 0.000251438 2.77742e-06 2.14567e-06 6.13462e-05 8.79781e-07 0.000122534 
15 0.124722 0.446311 0.236216 0.138463 0.0198237 0.012469 0.0068447 0.00467401 0.00264312 0.00783265 
16 0.0839678 0.47079 0.176815 0.107827 0.045576 0.029307 0.0234005 0.0150109 0.00968847 0.0376171 
17 0.129756 0.657562 0.136257 0.0303323 0.0142128 0.0151951 0.00519262 0.0035458 0.00200512 0.00594201 
18 0.315317 0.459407 0.199203 0.0173335 0.00622949 0.000999224 0.000470255 0.000330818 0.000224068 0.000486746 
19 0.0799848 0.836953 0.0511628 0.0139131 0.00598914 0.00434047 0.00238265 0.00162703 0.000920072 0.00272655 
20 0.0967667 0.807541 0.0682254 0.0119803 0.00515686 0.0037373 0.00205155 0.00140093 0.000792215 0.00234766 
21 0.228696 0.198658 0.524425 0.0171222 0.013578 0.00997342 0.00531632 0.000939559 0.00040698 0.000884089 
22 0.888916 0.0985979 0.00333112 0.00381685 0.00087777 0.000647291 0.00273252 8.63182e-07 2.58851e-06 0.00107665 
23 0.0971789 0.467479 0.1702 0.0988217 0.0395457 0.0392663 0.0323764 0.0248339 0.00682214 0.0234758 
24 0.0753185 0.527527 0.162139 0.0876958 0.0410325 0.0313401 0.0293455 0.014548 0.0066872 0.0243673 
25 0.378424 0.392966 0.201421 0.0172321 0.00378234 0.00245665 0.00115615 0.000813337 0.000550885 0.0011967 
26 0.414379 0.580644 0.000978522 0.00248799 0.000159816 0.000580215 8.38017e-05 0.000348766 0.000335008 2.75688e-06 
27 0.0915396 0.454204 0.196879 0.0937118 0.0498684 0.0329141 0.0262805 0.0168584 0.00812751 0.0296157 
28 0.111605 0.443908 0.16664 0.0858136 0.060208 0.0412541 0.0264994 0.0154338 0.00758389 0.0410542 
29 0.142948 0.47972 0.215594 0.0594973 0.0405472 0.0294293 0.0100439 0.00685521 0.00387657 0.0114879 
30 0.0353784 0.306453 0.174143 0.100769 0.105085 0.0626225 0.0663162 0.0499968 0.0258169 0.0734192 
31 0.0837358 0.355714 0.324951 0.10742 0.0390628 0.0257761 0.0205811 0.0132024 0.00636492 0.023193 
32 0.362423 0.529351 0.103408 0.00182526 0.00177792 0.00111152 3.60699e-05 2.14161e-05 1.45054e-05 3.15104e-05 
33 0.443258 0.237582 0.107967 0.0848617 0.022574 0.0991897 0.000334557 0.0003737 0.00201474 0.0018447 
34 0.404752 0.566298 0.0219777 0.00290752 0.00244019 0.000646305 0.000304162 0.000213974 0.000144928 0.000314828 
35 0.238133 0.755656 0.00334773 0.00113574 0.000401575 0.000749225 1.90983e-05 5.3455e-06 9.8079e-06 0.000541936 
36 0.0828042 0.524085 0.165797 0.0843551 0.0478159 0.0277407 0.0219004 0.0140487 0.00677293 0.0246797 
37 0.0605766 0.467919 0.162684 0.0715903 0.0607221 0.0466864 0.0428662 0.0279449 0.0125453 0.0464651 
38 0.16406 0.163254 0.631806 0.0192699 0.00724984 0.00519541 0.00285196 0.0019475 0.0011013 0.0032636 
39 0.0689033 0.382883 0.179475 0.0854798 0.072504 0.0533117 0.0522283 0.0347554 0.0149794 0.0554807 
40 0.0553571 0.908929 0.012494 0.00538324 0.00456556 0.00335381 0.0024457 0.00303485 0.000943267 0.00349361 
41 0.105424 0.379706 0.226376 0.112552 0.045806 0.0272293 0.0619389 0.0130897 0.00600328 0.0218752 
42 0.0770261 0.490851 0.185185 0.105807 0.0457357 0.0271664 0.0185493 0.0159602 0.00716873 0.0265515 
43 0.034846 0.316958 0.171504 0.100154 0.117727 0.061678 0.0501866 0.0492139 0.0254258 0.0723068 
44 0.0359877 0.311708 0.189259 0.11049 0.108436 0.0582511 0.0473188 0.0464017 0.0239729 0.068175 
45 0.118658 0.440639 0.176119 0.0908797 0.0483798 0.0319316 0.025496 0.0163552 0.00789974 0.0436418 
46 0.12747 0.644733 0.136527 0.0485335 0.0142327 0.0103127 0.00566103 0.00386572 0.00218604 0.00647813 
47 0.10373 0.440716 0.19095 0.0910314 0.063173 0.0319315 0.025496 0.0163552 0.0078849 0.0287316 
48 0.172788 0.607234 0.132041 0.0348933 0.0150204 0.0108856 0.00597553 0.00408048 0.00230782 0.0147742 
49 0.0901527 0.447315 0.179004 0.107188 0.0494683 0.0469877 0.0261099 0.016603 0.00800437 0.029167 
50 0.148695 0.494962 0.204659 0.0668548 0.0282473 0.0204715 0.0112376 0.00767375 0.00433944 0.0128596 
51 0.129348 0.414559 0.180723 0.141351 0.0491697 0.0190737 0.0315643 0.00763992 0.0036037 0.0229683 
52 0.613804 0.376101 0.00925492 0.000642314 7.92846e-05 3.94141e-05 3.60261e-05 1.02105e-05 1.05943e-05 2.18487e-05 
53 0.499361 0.495136 0.00124346 0.00242115 0.000382026 0.00141307 3.84768e-05 1.28689e-06 1.33485e-06 2.75289e-06 
54 0.111634 0.616068 0.207081 0.043977 0.00709394 0.00511787 0.00280939 0.00191844 0.00108486 0.00321489 
55 0.275834 0.600323 0.0837875 0.0180398 0.00565999 0.00638583 0.00232979 0.00147318 0.000848884 0.00531824 
56 0.265393 0.182128 0.500193 0.0362109 0.00536488 0.00387454 0.00212688 0.00145238 0.000821307 0.00243387 
57 0.240788 0.188929 0.408881 0.100954 0.03372 0.0143755 0.00587729 0.00299862 0.00199142 0.00148551 
58 0.813911 0.112386 0.0605673 0.00901355 0.00117269 0.000619296 0.000291453 0.000205033 0.000139669 0.00169363 
59 0.0549435 0.349224 0.171468 0.099542 0.0807164 0.0764928 0.0430547 0.0424554 0.0147475 0.0673555 
60 0.0776335 0.36658 0.186619 0.116114 0.0647778 0.0475795 0.0346254 0.0297923 0.0133816 0.0628961 
61 0.0864104 0.172592 0.286724 0.390321 0.0373829 0.0144538 0.00620167 0.0018276 0.001031 0.00305529 
62 0.10041 0.38115 0.294912 0.0927386 0.0374417 0.0335448 0.0199248 0.0123123 0.00593582 0.0216294 
63 0.169515 0.488993 0.308478 0.0168602 0.00463695 0.00329709 0.00410823 0.00134139 0.000698944 0.00207113 
64 0.125307 0.769958 0.0598717 0.0163432 0.00869021 0.00573569 0.00457971 0.0029378 0.00141632 0.00516091 
65 0.108929 0.35518 0.469717 0.0291158 0.018198 0.00682383 0.00374586 0.00255792 0.00144648 0.00428652 
66 0.110424 0.499639 0.159128 0.0871274 0.0400183 0.0264125 0.0210893 0.0135284 0.00653011 0.0361033 
67 0.144992 0.500729 0.20383 0.0656201 0.0282473 0.0204715 0.0112376 0.00767375 0.00433944 0.0128596 
68 0.0523357 0.438055 0.213253 0.0716261 0.0607221 0.0446058 0.0324613 0.0279303 0.0125453 0.0464651 
69 0.0736695 0.409863 0.153107 0.0853133 0.0976953 0.0467807 0.0328722 0.0282839 0.0127041 0.0597115 
70 0.12245 0.568524 0.12804 0.0777 0.0314725 0.020771 0.0165848 0.0106388 0.00512901 0.0186895 
71 0.0901527 0.447315 0.178788 0.0922567 0.0512807 0.0595 0.0269328 0.016603 0.00800437 0.029167 
72 0.530261 0.466126 0.00122658 0.000951622 0.000127583 0.000896182 0.000105052 0.000299572 1.98305e-06 4.08829e-06 
73 0.0806984 0.201811 0.653239 0.034791 0.00981844 0.00710667 0.00390113 0.00266394 0.00150644 0.0044642 
74 0.549254 0.421633 0.0279223 0.000348 0.000473432 0.000355077 6.88375e-06 1.72644e-06 1.79133e-06 3.69429e-06 
75 0.159793 0.499261 0.213153 0.0551459 0.0214115 0.0249373 0.00818472 0.00558849 0.00316025 0.00936512 
76 0.415196 0.475868 0.0780911 0.0137078 0.00485276 0.00608097 0.00193057 0.00131831 0.000745494 0.00220921 
77 0.130659 0.291085 0.413845 0.0510883 0.0526097 0.0282166 0.0107221 0.00672269 0.00324103 0.0118099 
78 0.123922 0.848212 0.0123901 0.00636109 0.00331363 0.00167797 0.00133979 0.00085945 0.000414344 0.00150982 
79 0.294955 0.483498 0.199652 0.0122462 0.00508498 0.000958514 0.000561775 0.00235139 0.000225165 0.000466814 
80 0.350755 0.254757 0.215611 0.125496 0.0193846 0.0265936 0.00252903 0.00150334 0.000850125 0.00251927 
81 0.634486 0.360651 0.000978531 0.00293888 9.56755e-05 0.000830959 1.8886e-05 0 0 0 
82 0.53312 0.459844 0.00455342 0.000610171 0.000383711 0.000279922 0.000781508 7.46445e-06 0.000415532 4.48281e-06 
83 0.110294 0.872905 0.0122698 0.00280307 0.000656667 0.000426322 0.000200636 0.000141145 9.55993e-05 0.000207672 
84 0.0541809 0.375179 0.235714 0.0817099 0.0684192 0.0502601 0.0365761 0.0314708 0.0141355 0.052355 
85 0.034847 0.31694 0.171521 0.099242 0.103493 0.0616723 0.0501866 0.0492139 0.025428 0.0874561 
86 0.0863249 0.456601 0.185101 0.0888107 0.0469775 0.0323239 0.0378142 0.0159987 0.00769205 0.0423559 
87 0.0584073 0.385405 0.181862 0.086775 0.0736025 0.0540676 0.0393654 0.0488653 0.0153293 0.0563213 
88 0.0519736 0.378384 0.248981 0.077711 0.0656455 0.0482225 0.0350933 0.0301949 0.0135625 0.0502325 
89 0.465637 0.523921 0.00963236 9.23489e-05 0.000535555 0.000156121 1.15714e-05 3.27956e-06 3.40282e-06 7.01769e-06 
90 0.16251 0.531008 0.249932 0.0421074 0.00550288 0.00355724 0.00167411 0.00117771 0.000797681 0.00173282 
91 0.0333712 0.317707 0.178463 0.0949272 0.0991449 0.0732883 0.0480485 0.0470742 0.0243205 0.0836556 
92 0.0549435 0.376769 0.172678 0.0961594 0.0986226 0.0628577 0.0386099 0.0319204 0.0143375 0.053103 
93 0.267848 0.490335 0.202727 0.0175878 0.0176223 0.00159211 0.000711781 0.000500728 0.00033915 0.000736741 
94 0.783334 0.132555 0.0475044 0.0335583 0.000145765 5.66635e-05 0.00141595 1.41504e-05 0.000902167 0.000512994 
95 0.918551 0.0535204 0.0190731 0.00252713 0.000383332 0.00330313 0.0012287 6.90618e-06 7.35137e-06 0.00139884 
96 0.37228 0.575027 0.0504071 0.00136069 0.000349325 0.000191972 0.000175471 4.97317e-05 5.16009e-05 0.000106417 
97 0.131881 0.815981 0.0420037 0.00532882 0.00181846 0.00118892 0.000559528 0.00039362 0.000266605 0.000579149 
98 0.0767437 0.264336 0.221868 0.341603 0.0266819 0.0196763 0.0143497 0.0191055 0.00403929 0.0115965 
99 0.235162 0.497243 0.227866 0.0195032 0.00968999 0.00683964 0.0011498 0.000808868 0.000547858 0.00119012 
100 0.327462 0.65213 0.0151146 0.00220187 0.000752027 0.00159571 0.00023129 0.000162667 0.000110177 0.000239339 
101 0.0946824 0.884794 0.0113372 0.00338161 0.00292042 0.00104451 0.00057256 0.000390981 0.000221097 0.000655202 
102 0.208758 0.429511 0.289288 0.0540967 0.00694439 0.00453729 0.00213534 0.00150218 0.00101745 0.00221022 
103 0.0753615 0.908525 0.00738021 0.0029934 0.00182572 0.00167607 0.000744463 0.000461193 0.000222343 0.00081019 
104 0.171957 0.196132 0.623377 0.00634946 0.001256 0.000373455 0.000172517 0.000121364 8.22013e-05 0.000178567 
105 0.154729 0.412348 0.347613 0.0791062 0.00240281 0.00151243 0.000711781 0.000500728 0.00033915 0.000736741 
106 0.0680553 0.781921 0.139278 0.00495484 0.00249815 0.00119267 0.000653574 0.000446303 0.000252381 0.000747909 
107 0.323938 0.674005 0.000790665 0.0010841 1.15443e-05 0.000116124 4.76734e-05 1.52472e-06 1.58203e-06 3.26265e-06 
108 0.32279 0.276 0.372224 0.018608 0.00706563 0.000701203 0.00188545 0.000231268 0.000155797 0.000338441 
109 0.258122 0.699617 0.0321263 0.00532789 0.00181846 0.00118892 0.000559528 0.00039362 0.000266605 0.000579149 
110 0.0885722 0.673536 0.196671 0.0177698 0.010149 0.00481259 0.00264181 0.001804 0.00102015 0.00302313 
111 0.144992 0.468856 0.205856 0.0802781 0.0285118 0.0204715 0.0131872 0.0206495 0.00433945 0.0128596 
112 0.250433 0.651205 0.0680826 0.0218796 0.00317812 0.00207782 0.000977867 0.000687916 0.000465935 0.00101216 
113 0.0418924 0.334985 0.33903 0.0802255 0.0597788 0.036413 0.026499 0.0228003 0.0111069 0.047269 
114 0.0782905 0.416994 0.245096 0.0948389 0.0542583 0.028189 0.0224768 0.0144184 0.00709536 0.0383429 
115 0.0146721 0.1965 0.151263 0.194335 0.116498 0.0617268 0.0896596 0.0596563 0.0214539 0.0942354 
116 0.0151236 0.202547 0.155872 0.169717 0.119955 0.0624738 0.078542 0.0760168 0.0226177 0.0971349 
117 0.082268 0.431086 0.216391 0.110826 0.0475658 0.0398403 0.0234045 0.0150109 0.00723683 0.0263701 
118 0.0557402 0.368778 0.173966 0.0974949 0.0868031 0.0786636 0.0377533 0.032383 0.0145452 0.0538726 
119 0.0353784 0.306453 0.174143 0.100769 0.105301 0.0770792 0.0516697 0.049971 0.0258169 0.0734192 
120 0.128892 0.39431 0.236123 0.155218 0.0436594 0.0152109 0.00827381 0.0056499 0.00319498 0.00946804 
121 0.578471 0.407765 0.00843912 0.00099706 0.00388004 0.000166524 0.000128721 3.6482e-05 3.78532e-05 7.80654e-05 
122 0.12556 0.526652 0.219399 0.0638034 0.0215065 0.0155862 0.00855588 0.00584251 0.0033039 0.00979081 
123 0.375287 0.371095 0.1491 0.0982494 0.001573 0.00111344 0.00255172 0.000328473 0.000221087 0.00048027 
124 0.138019 0.59157 0.263456 0.0015478 0.00417622 0.000744295 0.00016377 0.000102588 6.94844e-05 0.000150942 
125 0.14723 0.364241 0.317453 0.0851027 0.047793 0.0200758 0.00566843 0.00383687 0.00216972 0.00642979 
126 0.151642 0.456606 0.262472 0.107911 0.00713379 0.00207779 0.0100247 0.000688121 0.000455297 0.00098905 
127 0.162192 0.476107 0.193821 0.0666143 0.0286753 0.0210319 0.0261497 0.00794939 0.00440519 0.0130544 
128 0.220585 0.258872 0.161887 0.153981 0.197217 0.0031735 0.00133289 0.000937669 0.000635096 0.00137963 
129 0.101905 0.463857 0.173544 0.0895432 0.0476683 0.031462 0.0251211 0.0161147 0.0100482 0.0407357 
130 0.0582734 0.370389 0.182461 0.099976 0.0755939 0.0682065 0.0397168 0.0338549 0.0152064 0.0563213 
131 0.05917 0.376088 0.184657 0.08811 0.0747349 0.0548995 0.0399524 0.0343758 0.0156523 0.0723604 
132 0.0998109 0.589549 0.283259 0.0134042 0.00564475 0.00301449 0.00165476 0.00112998 0.000638995 0.00189361 
133 0.132291 0.838936 0.0242922 0.00235632 0.000803904 0.000525596 0.000247356 0.000174012 0.000117861 0.00025603 
134 0.149453 0.483281 0.196802 0.0676391 0.0291164 0.0211013 0.0115833 0.0111938 0.0165711 0.0132578 
135 0.0542658 0.358452 0.223937 0.105916 0.0726326 0.0502601 0.0365761 0.0314708 0.0141355 0.052355 
136 0.288518 0.375952 0.233802 0.0644282 0.0154456 0.00591033 0.00583919 0.00198219 0.0048707 0.00325131 
137 0.135399 0.399324 0.324691 0.0686388 0.0239593 0.0173619 0.0095306 0.00650811 0.00368029 0.0109062 
138 0.0966612 0.442261 0.201199 0.101089 0.0611532 0.0248769 0.0203181 0.0221696 0.00788807 0.0223839 
139 0.266933 0.477157 0.13863 0.0966835 0.00336474 0.00952943 0.000603245 0.00329755 0.00277861 0.00102329 
140 0.196769 0.513089 0.20289 0.0553373 0.0178716 0.00508284 0.00278858 0.00190423 0.00107683 0.00319108 
141 0.0729134 0.873907 0.0307797 0.00977009 0.0042057 0.00304797 0.00167315 0.00114254 0.000646095 0.00191465 
142 0.673777 0.316222 0.00239351 0.00589022 3.39852e-05 0.000579125 0.00110434 0 0 0 
143 0.715603 0.261746 0.0200678 0.00146411 0.000297188 0.000360476 0.000452043 2.15706e-06 2.20817e-06 4.55394e-06 
144 0.075417 0.626851 0.185345 0.0392068 0.0263647 0.0135411 0.0108116 0.00693544 0.0033436 0.0121837 
145 0.158549 0.825495 0.0130534 0.000821632 0.000948062 0.000408048 0.000329751 0.000308649 2.70856e-05 5.86836e-05 
146 0.486438 0.48302 0.0234812 0.00171064 0.00286626 0.00194918 0.000166117 0.000116837 7.9135e-05 0.000171906 
147 0.153124 0.249599 0.499764 0.0322322 0.0333053 0.01543 0.0052085 0.00349756 0.00197784 0.00586117 
148 0.229147 0.141366 0.597356 0.0234798 0.00469422 0.00179361 0.00105491 0.000985819 3.9146e-05 8.32124e-05 
149 0.405924 0.502231 0.0876857 0.000750036 0.00269233 2.52634e-05 2.26523e-05 0.000306854 0.000348242 1.39844e-05 
150 0.116323 0.603123 0.169028 0.0656787 0.0152751 0.0110612 0.00607191 0.0041463 0.0023447 0.00694832 
151 0.129038 0.210406 0.303921 0.279334 0.0388661 0.0113338 0.00880533 0.00564845 0.00272314 0.00992278 
152 0.282125 0.715673 0.000794367 0.00105862 0.000332847 5.71623e-06 5.16015e-06 1.46248e-06 1.51745e-06 3.12947e-06 
153 0.17252 0.486743 0.175257 0.0602266 0.0259256 0.0187889 0.0103139 0.00704303 0.00400549 0.0391768 
154 0.057405 0.394702 0.184144 0.0932101 0.0747085 0.0532607 0.0387598 0.0333496 0.0149794 0.0554807 
155 0.0549659 0.392077 0.18574 0.096318 0.0831934 0.0512456 0.0370987 0.0319204 0.0143375 0.053103 
156 0.0348424 0.30181 0.171504 0.0996926 0.117259 0.0626077 0.0501866 0.0492139 0.029544 0.0833397 
157 0.140238 0.251833 0.588952 0.0069893 0.0089673 0.00120179 0.000565577 0.000397876 0.000269487 0.000585411 
158 0.0888071 0.440639 0.180906 0.115588 0.0487363 0.0319315 0.025496 0.0163552 0.00790311 0.0436388 
159 0.0839671 0.447921 0.191611 0.112521 0.0457165 0.0301326 0.0240596 0.0154338 0.00764615 0.040992 
160 0.109935 0.576261 0.19251 0.0736098 0.0191523 0.0112519 0.00537798 0.00367244 0.00207673 0.00615422 
161 0.106747 0.280107 0.224052 0.284143 0.0394445 0.0135765 0.0233185 0.00713553 0.00931766 0.0121582 
162 0.0973526 0.863548 0.0300753 0.00474436 0.00161929 0.0010587 0.000498247 0.00035051 0.000237405 0.000515719 
163 0.0913544 0.701254 0.20246 0.00163581 0.00164154 0.000813127 0.000265519 0.000177657 0.000100464 0.000297716 
164 0.198431 0.662873 0.132015 0.00219115 0.00310803 0.00100981 0.000117139 8.08424e-05 5.47557e-05 0.000118947 
165 0.229176 0.157046 0.596455 0.000706647 0.00797735 0.000760858 0.00653234 0.00117919 0.000155294 1.07959e-05 
166 0.158134 0.780604 0.0484446 0.00770691 0.00193541 0.00066678 0.000313738 0.000220711 0.000150101 0.00182338 
167 0.0833506 0.362681 0.186746 0.0818164 0.0693966 0.0509781 0.0408289 0.0552433 0.0158558 0.053103 
168 0.209447 0.729319 0.0348938 0.010502 0.00684913 0.00325545 0.00178416 0.00121834 0.000688964 0.00204169 
169 0.273398 0.707676 0.0157696 0.00166204 0.000565339 0.000369621 0.000173951 0.000122372 8.28846e-05 0.000180051 
170 0.141628 0.513729 0.163869 0.0631702 0.0607879 0.0166822 0.0130399 0.00836488 0.00403274 0.0146948 
171 0.157035 0.325347 0.189371 0.0942003 0.134989 0.0332417 0.0255457 0.0208796 0.00280004 0.0165904 
172 0.0605756 0.416969 0.201066 0.0716593 0.0627468 0.053426 0.0341164 0.0279303 0.0137582 0.0577521 
173 0.318525 0.663197 0.0135622 0.00349959 0.000461044 0.000300645 0.00014149 9.95362e-05 6.74173e-05 0.000146452 
174 0.188774 0.490157 0.166197 0.0581875 0.035262 0.0175851 0.00974823 0.0192364 0.00380771 0.011046 
175 0.0565595 0.359496 0.191414 0.0958311 0.0889778 0.052543 0.0408213 0.0433342 0.0163585 0.0546648 
176 0.05917 0.376088 0.184657 0.08811 0.0747349 0.0548995 0.0399524 0.0343758 0.0155403 0.0724725 
177 0.15152 0.521444 0.308134 0.0126105 0.00370501 0.00102961 0.000484406 0.000340773 0.00023081 0.000501393 
178 0.150831 0.808979 0.0308312 0.00492007 0.00167927 0.00109791 0.0005167 0.000363491 0.000246198 0.000534819 
179 0.165371 0.460972 0.258457 0.0553724 0.0199221 0.0144378 0.00792544 0.00541201 0.00306045 0.00906938 
180 0.134992 0.585177 0.110927 0.120202 0.0326949 0.00724077 0.00272825 0.00186283 0.00105342 0.00312171 
181 0.188354 0.754345 0.0392281 0.00790567 0.00338563 0.00245364 0.0013469 0.000919751 0.000520112 0.00154131 
182 0.190166 0.803606 0.0022176 0.00369991 0.000117342 6.4418e-05 5.88808e-05 1.66879e-05 1.73152e-05 3.57093e-05 
183 0.114777 0.815887 0.0613301 0.00665679 0.000511987 0.000333324 0.000156869 0.000110355 7.47452e-05 0.00016237 
184 0.113975 0.414264 0.449193 0.0139548 0.0049462 0.00132773 0.00072816 0.000497235 0.000281183 0.00083326 
185 0.21453 0.353184 0.378002 0.031897 0.00840217 0.00367835 0.00410461 0.00486217 0.000422506 0.000917805 
186 0.0663325 0.362077 0.178611 0.134655 0.0785907 0.0488831 0.0355741 0.0306086 0.0137482 0.0509207 
187 0.078218 0.365979 0.1884 0.19167 0.072749 0.0408082 0.0222978 0.0123123 0.00593582 0.0216294 
188 0.361698 0.634645 0.000432148 0.00100892 0.00161175 0.000425713 5.83638e-06 1.65006e-06 0.000166275 4.03877e-06 
189 0.345991 0.352948 0.172413 0.106221 0.00697091 0.00324565 0.00162206 0.00761981 0.00138724 0.00158104 
190 0.190887 0.5826 0.195052 0.0177966 0.0110307 0.000906207 3.70416e-05 0.000836089 8.58763e-06 0.00084552 
191 0.297211 0.683396 0.017165 0.00132594 0.000340846 0.000187313 0.000171212 4.85247e-05 5.03485e-05 0.000103835 
192 0.104065 0.47303 0.1749 0.0968344 0.0421213 0.0277846 0.0221848 0.0142312 0.00841404 0.0364341 
193 0.290447 0.602898 0.103879 0.00261268 6.18696e-05 3.39968e-05 3.10746e-05 8.80712e-06 9.13814e-06 1.88457e-05 
194 0.151884 0.842518 0.00133202 0.00318386 0.000362899 0.000371793 0.000166178 1.7721e-06 1.80881e-06 0.000178127 
195 0.209112 0.393845 0.0749777 0.0231212 0.00863865 0.28353 0.00299714 0.00203933 0.00102576 0.00071371 
196 0.38904 0.42077 0.174842 0.00537908 0.00709619 0.00103702 0.000143973 0.000101109 0.000100834 0.00149004 
197 0.108296 0.799 0.0782991 0.00621924 0.00159982 0.00119184 0.00146224 0.00211231 0.000261688 0.00155771 
198 0.222533 0.731133 0.0432114 0.00187566 0.000471237 0.000258969 0.000236709 6.70878e-05 6.96093e-05 0.000143556 
199 0.190933 0.612717 0.15518 0.0213295 0.00482343 0.00315358 0.00148414 0.00104407 0.000707255 0.00862829 
200 0.101944 0.865151 0.0137002 0.00699074 0.00372152 0.00245627 0.00196123 0.00125809 0.00060653 0.00221012 
201 0.144994 0.483377 0.191329 0.0656201 0.0282473 0.0204715 0.0112376 0.00767375 0.00438735 0.0426624 
202 0.245406 0.428376 0.214661 0.0943556 0.00637886 0.00733224 0.00112539 0.000751092 0.000508725 0.00110511 
203 0.125783 0.308361 0.0980166 0.420433 0.0181922 0.00996833 0.00908404 0.0031352 0.00177282 0.00525361 
204 0.169355 0.722365 0.0677175 0.0167582 0.0089714 0.0042464 0.00233101 0.00159177 0.0009387 0.00572487 
205 0.0911973 0.762776 0.0682739 0.0310922 0.0142186 0.00938339 0.00749225 0.00480613 0.00231705 0.00844306 
206 0.0978932 0.477125 0.177374 0.0944735 0.0426506 0.02818 0.0355925 0.0144308 0.00695116 0.0253292 
207 0.15212 0.501516 0.202357 0.062813 0.0270367 0.0195941 0.010756 0.00734487 0.00415347 0.0123084 
208 0.134813 0.485034 0.218428 0.0792123 0.0243401 0.0282955 0.0093037 0.00634742 0.00358942 0.0106369 
209 0.144992 0.485247 0.204387 0.0656201 0.0282473 0.0353968 0.0112376 0.00767375 0.00433944 0.0128596 
210 0.13134 0.547893 0.160697 0.0633578 0.0294677 0.0194492 0.0155294 0.00996181 0.00480262 0.0175002 
211 0.0710248 0.381043 0.179193 0.0854798 0.072504 0.0532607 0.0387598 0.0333496 0.0150159 0.0703696 
212 0.244787 0.526246 0.167548 0.0256153 0.0214776 0.0057007 0.00268287 0.00188736 0.00127834 0.00277695 
213 0.249062 0.500881 0.177048 0.044719 0.0110982 0.00684084 0.00321944 0.00226483 0.001534 0.00333234 
214 0.298004 0.491801 0.155582 0.0401131 0.00548856 0.00358592 0.00168761 0.00118721 0.000804114 0.00174679 
215 0.146189 0.80062 0.0428391 0.00478493 0.00232555 0.00117273 0.000643519 0.000439437 0.000248498 0.000736403 
216 0.19742 0.670859 0.0948735 0.0180672 0.0101411 0.00346395 0.00160972 0.00113242 0.000767001 0.00166617 
217 0.172955 0.807877 0.015842 0.00174885 0.000596581 0.000390048 0.000183564 0.000129135 8.7465e-05 0.000190002 
218 0.123193 0.53389 0.200768 0.0536712 0.0327289 0.0164463 0.00887556 0.0171824 0.00334205 0.00990335 
219 0.393414 0.428568 0.165338 0.00404516 0.00596781 0.000647791 0.000234092 0.00120843 5.16844e-05 0.000525404 
220 0.109984 0.4976 0.356423 0.0169138 0.00695389 0.00350724 0.00280038 0.00179639 0.000866047 0.00315577 
221 0.30613 0.683379 0.00763311 0.00190133 0.000904424 1.76157e-05 1.59591e-05 4.52311e-06 4.69311e-06 9.67869e-06 
222 0.0793379 0.432713 0.192931 0.156856 0.0421001 0.0277846 0.0221848 0.0142312 0.00686089 0.0250002 
223 0.253785 0.607109 0.119248 0.0123373 0.00262937 0.0017698 0.000971506 0.000663408 0.000375152 0.00111173 
224 0.162249 0.76905 0.0375761 0.0123606 0.00649389 0.00354748 0.00192071 0.00131601 0.00328699 0.00219923 
225 0.188554 0.45514 0.176812 0.0937782 0.024573 0.0301215 0.00965567 0.00659155 0.00372747 0.011046 
226 0.05917 0.376088 0.184657 0.08811 0.0747349 0.0560634 0.0520651 0.0364837 0.0154403 0.0571878 
227 0.0849167 0.661841 0.16834 0.0317107 0.0162072 0.0106971 0.00854117 0.00547899 0.00264144 0.00962509 
228 0.0905872 0.887083 0.0178653 0.0023813 0.000788068 0.000515242 0.000242484 0.000170584 0.000115539 0.000250987 
229 0.292694 0.687747 0.00928502 0.00192354 0.000494467 0.000271735 0.000248378 7.03949e-05 7.30408e-05 0.00719288 
230 0.0979808 0.652252 0.108624 0.0523014 0.0257106 0.0229898 0.0130485 0.00836488 0.00403274 0.0146948 
231 0.05917 0.376088 0.184657 0.0889924 0.0892371 0.0548995 0.0399524 0.0343758 0.0154403 0.0571878 
232 0.107201 0.443566 0.343866 0.0675214 0.0235681 0.00535179 0.00464177 0.00132192 0.000747411 0.00221489 
233 0.0778849 0.663308 0.135582 0.0288055 0.0263403 0.0205563 0.0129199 0.0111165 0.00499314 0.0184936 
234 0.241596 0.60611 0.121533 0.0189341 0.00447436 0.00292536 0.00137673 0.000968513 0.000655988 0.00142501 
235 0.179533 0.41772 0.198633 0.138093 0.0224457 0.0157654 0.00865422 0.00590967 0.00334187 0.00990335 
236 0.287151 0.658292 0.030534 0.0230079 0.000390363 0.000208575 0.000190647 5.40329e-05 5.60637e-05 0.000115621 
237 0.244402 0.529123 0.185635 0.0220539 0.00457538 0.00298426 0.00565002 0.00344126 0.000681788 0.0014537 
238 0.05917 0.376088 0.184657 0.0892947 0.0888376 0.0549965 0.0399524 0.0343758 0.0154403 0.0571878 
239 0.334067 0.645838 0.0180236 0.001796 0.000104341 5.73349e-05 5.24066e-05 1.4853e-05 1.54113e-05 3.17829e-05 
240 0.218797 0.383519 0.172437 0.157982 0.0208286 0.0229462 0.00731009 0.00499166 0.00282275 0.00836497 
241 0.185831 0.517289 0.261758 0.0317314 0.00134739 0.000812897 0.000382566 0.00026913 0.000182285 0.000395982 
242 0.197912 0.47524 0.187266 0.0638146 0.0345829 0.0172299 0.00745463 0.00509051 0.00287864 0.00853061 
243 0.0328824 0.80823 0.105691 0.0184698 0.0126474 0.00638634 0.0050992 0.00327104 0.00157698 0.00574633 
244 0.217549 0.524656 0.152091 0.063603 0.0140191 0.0101599 0.00557716 0.00380845 0.00215365 0.00638216 
245 0.356309 0.629744 0.00615913 0.0069352 0.000771998 2.68651e-05 2.45439e-05 6.95622e-06 7.21767e-06 1.48851e-05 
246 0.0838039 0.443997 0.194352 0.0859014 0.0876828 0.0302159 0.0240596 0.0154338 0.00744068 0.0271129 
247 0.0827984 0.292012 0.266583 0.223066 0.050287 0.0365733 0.0158188 0.0101463 0.00489156 0.0178243 
248 0.0681386 0.31051 0.275184 0.0963982 0.0613358 0.0663308 0.0351617 0.0279303 0.0125453 0.0464651 
249 0.124584 0.438496 0.184673 0.128017 0.0626997 0.0176927 0.00965278 0.00659155 0.00375423 0.0238398 
250 0.206567 0.476051 0.230485 0.0379016 0.0163152 0.011824 0.00649067 0.00443225 0.0025064 0.00742751 
251 0.148811 0.441028 0.242474 0.0748592 0.026292 0.0314434 0.0119462 0.00714085 0.00403809 0.0119665 
252 0.112159 0.332413 0.426804 0.0498265 0.0307659 0.0138931 0.0110924 0.00711558 0.00343044 0.0125001 
253 0.115264 0.573896 0.134764 0.0640941 0.0341205 0.0225201 0.0179814 0.0115347 0.00556093 0.0202634 
254 0.150541 0.442881 0.195183 0.103039 0.0300867 0.0357503 0.0190468 0.00724143 0.00409497 0.0121351 
255 0.169491 0.276579 0.320452 0.146428 0.0248517 0.0158475 0.0126536 0.00811703 0.00581598 0.0197641 
256 0.159066 0.318234 0.267837 0.195503 0.0224758 0.0214741 0.00479571 0.00327478 0.00185186 0.00548784 
257 0.283679 0.582952 0.100789 0.0136773 0.00459529 0.00300442 0.00141394 0.000994689 0.000675621 0.00821838 
258 0.0875011 0.463571 0.173529 0.104249 0.0476684 0.031462 0.0259371 0.0300046 0.00776898 0.0283091 
259 0.203087 0.362091 0.294085 0.0985202 0.0197745 0.0106404 0.00367287 0.00250801 0.00141826 0.00420289 
260 0.0915396 0.4542 0.196919 0.0936769 0.0498684 0.0329141 0.0262805 0.0168584 0.00812751 0.0296157 
261 0.313844 0.392646 0.123262 0.0529852 0.0939514 0.0139599 0.00291699 0.0019851 0.00112256 0.00332661 
262 0.268076 0.584484 0.144292 0.00178579 0.00114113 7.37947e-05 6.74372e-05 1.9113e-05 1.98313e-05 4.08985e-05 
263 0.392508 0.450812 0.119793 0.0128688 0.0105321 0.00283222 0.00133289 0.000937669 0.000637434 0.00774672 
264 0.467794 0.486719 0.0421371 0.00293713 0.000156041 8.57476e-05 7.83769e-05 2.22135e-05 2.30484e-05 4.75331e-05 
265 0.134135 0.48538 0.19426 0.0802198 0.0451426 0.0306202 0.00941149 0.00642676 0.00363428 0.0107699 
266 0.401114 0.399477 0.165502 0.0264098 0.00461045 0.00114903 0.000540733 0.000380398 0.000257649 0.000559695 
267 0.108912 0.722638 0.101693 0.0291179 0.0125336 0.00908336 0.00498621 0.00340491 0.00192545 0.0057059 
268 0.0846754 0.703183 0.128647 0.0384114 0.0137412 0.00906531 0.00723828 0.00464322 0.00223851 0.00815686 
269 0.169571 0.619502 0.155472 0.0322896 0.0103138 0.00465039 0.00255226 0.00174285 0.000985569 0.00292065 
270 0.0982167 0.678082 0.0969803 0.0461283 0.0245564 0.0162077 0.0129412 0.00830151 0.00400219 0.0145835 
271 0.0583129 0.588384 0.317857 0.0220189 0.00448623 0.00323488 0.00177575 0.0012126 0.000685714 0.00203206 
272 0.0653854 0.349318 0.368767 0.0764215 0.0585545 0.0237797 0.0187718 0.0120417 0.00580537 0.0211541 
273 0.194596 0.622832 0.102981 0.0432578 0.0130756 0.00841465 0.00461912 0.00315424 0.0017837 0.00528584 
274 0.252769 0.493501 0.183265 0.0293247 0.0102104 0.0204741 0.00363933 0.00216491 0.00146633 0.00318532 
275 0.131164 0.621117 0.196936 0.0206777 0.00852508 0.00617832 0.00339152 0.00231595 0.00130972 0.00838548 
276 0.147189 0.475959 0.193821 0.0670501 0.0555003 0.0238239 0.0114078 0.00779002 0.00440519 0.0130544 
277 0.0900979 0.65661 0.118135 0.0759017 0.0180241 0.01514 0.00860795 0.00539802 0.00260241 0.00948285 
278 0.205437 0.304906 0.25369 0.201447 0.0105836 0.00629093 0.013921 0.00131014 0.000761146 0.00165345 
279 0.170051 0.439778 0.173312 0.086 0.0276688 0.0446537 0.0330928 0.00987151 0.00392896 0.0116431 
280 0.166983 0.594587 0.190901 0.0289979 0.00701138 0.00458407 0.00215736 0.00151767 0.00102794 0.00223301 
281 0.386001 0.559979 0.0368899 0.00334101 0.000816445 0.000476285 0.0120104 0.000116233 0.000120602 0.00024872 
282 0.206496 0.279654 0.422392 0.0719112 0.0127558 0.00382617 0.000921866 0.00064852 0.000439252 0.000954193 
283 0.287209 0.644843 0.0661009 0.000956777 5.29164e-05 2.89688e-05 4.2384e-05 0.000738828 1.13081e-05 1.60585e-05 
284 0.146724 0.729783 0.0975998 0.0107715 0.00908109 0.00240364 0.00113115 0.000795751 0.000538974 0.00117082 
285 0.17971 0.611627 0.198255 0.00578735 0.00174834 0.00114307 0.000537953 0.000378442 0.000256324 0.000556817 
286 0.227213 0.720639 0.0390466 0.00646078 0.00221099 0.00160232 0.000879576 0.000600632 0.000339653 0.00100653 
287 0.279339 0.546624 0.115077 0.0301079 0.00960862 0.00696237 0.00382191 0.00260985 0.00147585 0.00437356 
288 0.174189 0.464816 0.190757 0.0703618 0.025604 0.0363313 0.0162988 0.00667716 0.00377588 0.0111895 
289 0.150222 0.72588 0.100246 0.00749843 0.00703194 0.00507368 0.000521376 0.000357814 0.00264681 0.000521941 
290 0.145791 0.722352 0.121697 0.00414578 0.00325337 0.000584374 0.0015721 0.000191945 0.00013 0.000282402 
291 0.10178 0.250224 0.363701 0.0864309 0.0716422 0.0343736 0.0249702 0.0214849 0.00965021 0.0357424 
292 0.265136 0.531871 0.11899 0.0366404 0.0157714 0.0114299 0.00627431 0.00428451 0.00242286 0.00717993 
293 0.324521 0.602427 0.0655769 0.00465649 0.00106699 0.000696951 0.000327999 0.000230743 0.000156285 0.000339501 
294 0.0841227 0.496139 0.206778 0.0901133 0.03446 0.0225201 0.0179817 0.0220607 0.00556093 0.0202634 
295 0.164989 0.48535 0.193598 0.0619284 0.0266559 0.0193181 0.0106045 0.00724142 0.00732007 0.0229945 
296 0.149453 0.483282 0.196802 0.0693273 0.0422301 0.0216842 0.0115833 0.00790986 0.00447297 0.0132553 
297 0.193267 0.431996 0.286183 0.042571 0.025644 0.0066267 0.00171527 0.00120667 0.000819515 0.00996992 
298 0.249062 0.500881 0.176362 0.0306558 0.0104672 0.0222214 0.00321945 0.00226483 0.001534 0.00333234 
299 0.0517808 0.112218 0.776766 0.0161942 0.0114996 0.0153038 0.00445266 0.00283886 0.00136862 0.00757777 
300 0.284155 0.441847 0.201343 0.0351826 0.0142049 0.0179271 0.00166203 0.00116837 0.00079135 0.00171906 
301 0.146824 0.444133 0.354769 0.0311652 0.00769835 0.00557556 0.00306064 0.00209 0.00118188 0.0035024 
302 0.280702 0.549378 0.106168 0.0403419 0.00938788 0.00524317 0.00299817 0.00119458 0.00035638 0.00423007 
303 0.4251 0.52383 0.0178348 0.0169898 0.000962362 0.000528581 0.000483146 0.000136933 0.000145593 0.013988 
304 0.113014 0.766878 0.0508355 0.0238105 0.0126619 0.00835708 0.00838869 0.00647067 0.00206377 0.00751961 
305 0.19066 0.502693 0.169189 0.0507298 0.0322847 0.0155862 0.00855588 0.00735589 0.0128954 0.0100495 
306 0.188507 0.787582 0.0182398 0.00278126 0.00173498 0.000459354 0.000216181 0.000152081 0.000103006 0.000223762 
307 0.475962 0.321709 0.198884 0.00096068 0.00233792 5.06081e-05 4.37588e-05 1.24021e-05 1.28682e-05 2.65384e-05 
308 0.0444241 0.703657 0.130141 0.0282887 0.0239299 0.0175786 0.0131328 0.0155929 0.00494399 0.0183114 
309 0.211373 0.567944 0.164784 0.00596615 0.0109298 0.0316835 0.00315493 0.00356928 0.00020153 0.000393822 
310 0.144992 0.468855 0.190928 0.06562 0.0282473 0.0204715 0.0113448 0.0373758 0.00441925 0.0277466 
311 0.11112 0.582743 0.245893 0.0421901 0.00601887 0.00435425 0.00239021 0.00163219 0.000922993 0.00273521 
312 0.0686121 0.90795 0.01312 0.00450004 0.00193712 0.00140387 0.00077064 0.000526244 0.000297587 0.000881873 
313 0.199812 0.500722 0.239856 0.0337177 0.0155461 0.00411717 0.00193763 0.00136309 0.000923242 0.00200557 
314 0.306661 0.556655 0.112193 0.0128938 0.00438776 0.00286874 0.00135009 0.000949768 0.000643291 0.00139743 
315 0.118644 0.54922 0.305334 0.0143988 0.00353215 0.00299147 0.00276242 0.000984341 0.000538412 0.00159554 
316 0.223256 0.427947 0.164899 0.0675295 0.0695798 0.0180793 0.0123922 0.00185264 0.00116237 0.0133026 
317 0.0875011 0.434271 0.187194 0.11995 0.0622778 0.031493 0.0251211 0.0161147 0.00776895 0.0283091 
318 0.146101 0.438619 0.18708 0.0603174 0.116026 0.0153203 0.018614 0.00553205 0.00312627 0.00926442 
319 0.271452 0.355951 0.355119 0.0100796 0.00683898 0.000225055 0.000103904 7.30954e-05 4.95085e-05 0.000107548 
320 0.234624 0.486649 0.194793 0.0298629 0.0378775 0.00644427 0.0030328 0.00213354 0.00144507 0.00313916 
321 0.0851096 0.406725 0.299224 0.116425 0.0281963 0.0186036 0.0148542 0.00952869 0.00459381 0.0167393 
322 0.184837 0.534352 0.162222 0.0517241 0.0222655 0.0161363 0.00885785 0.00604872 0.0034205 0.0101364 
323 0.236136 0.330817 0.241781 0.139519 0.0172832 0.012469 0.0068447 0.00467401 0.00264312 0.00783265 
324 0.0574037 0.364861 0.179145 0.0855394 0.102295 0.0532607 0.0387598 0.0333496 0.0149797 0.0704058 
325 0.0915396 0.454197 0.181538 0.093676 0.0498684 0.0329141 0.0262805 0.0168584 0.00826376 0.044864 
326 0.365026 0.576322 0.0463526 0.011091 0.000457677 0.000250561 0.000229023 6.49096e-05 6.73493e-05 0.000138896 
327 0.193312 0.695035 0.085693 0.0136482 0.00465824 0.00304558 0.00143331 0.00100832 0.000682946 0.00148357 
328 0.419563 0.495997 0.0217208 0.0440214 0.00890865 0.000583839 0.00884826 8.54392e-05 8.86478e-05 0.00018282 
329 0.271967 0.714816 0.00655427 0.00612925 0.000202267 0.000110563 0.000101059 2.86421e-05 2.97186e-05 6.12891e-05 
330 0.239224 0.468398 0.192709 0.0628542 0.00895371 0.00585072 0.0159113 0.00193708 0.00131198 0.00285002 
331 0.349062 0.309675 0.108662 0.0228361 0.195668 0.00945559 0.00144488 0.00101527 0.000687656 0.00149381 
332 0.156934 0.521904 0.160531 0.0657723 0.0236285 0.0385298 0.0121266 0.00634742 0.00358942 0.0106369 
333 0.114252 0.404571 0.226012 0.189072 0.0204841 0.0225624 0.00717528 0.00489658 0.00276898 0.00820563 
334 0.367865 0.450642 0.176508 0.00442413 0.000212238 0.000116575 0.000106555 3.01996e-05 3.13347e-05 6.46221e-05 
335 0.139523 0.212535 0.620952 0.00963732 0.0122228 0.0020435 0.000959924 0.000675294 0.000457386 0.000993587 
336 0.08264 0.448477 0.179231 0.088842 0.056736 0.0472388 0.0331998 0.0156735 0.00778681 0.0401758 
337 0.346062 0.473894 0.179208 0.000704577 4.9998e-05 2.70592e-05 2.47332e-05 7.00987e-06 7.27334e-06 1.49999e-05 
338 0.375951 0.543141 0.0319221 0.0106015 0.000855395 0.0245426 0.000482366 0.0120962 0.000149899 0.00025771 
339 0.114641 0.375699 0.221228 0.101959 0.107909 0.0237996 0.0177941 0.0114146 0.005503 0.0200523 
340 0.148132 0.252747 0.528879 0.0348927 0.0134766 0.0107458 0.00348285 0.00235845 0.00133368 0.00395225 
341 0.0757223 0.38684 0.208813 0.20162 0.0564034 0.020531 0.0162689 0.0104362 0.00503132 0.0183335 
342 0.69128 0.272898 0.0172706 0.0124456 0.000103789 0.00575761 0.000244019 0 0 0 
343 0.0557398 0.354286 0.174353 0.0971708 0.0959093 0.0678407 0.0394116 0.0468715 0.0145452 0.0538726 
344 0.25497 0.556033 0.151994 0.0247669 0.00847408 0.00149739 0.000704591 0.00049567 0.000335724 0.000729299 
345 0.184388 0.786571 0.0131063 0.00191301 0.0136073 0.000139923 0.000125963 3.57003e-05 3.70421e-05 7.63925e-05 
346 0.137329 0.475648 0.202908 0.0758339 0.0309143 0.0385622 0.0153339 0.00724142 0.00409497 0.0121351 
347 0.147516 0.469526 0.220404 0.0752329 0.0308963 0.0302765 0.00931545 0.00519334 0.0029368 0.00870294 
348 0.188232 0.543332 0.134157 0.0642321 0.0329907 0.0137932 0.00723959 0.00494366 0.0027956 0.00828453 
349 0.0850156 0.486769 0.17497 0.0904335 0.0565274 0.0311791 0.0244033 0.0156543 0.00754698 0.0275003 
350 0.142082 0.569197 0.270609 0.0114404 0.00254802 0.00164079 0.00077219 0.000543225 0.000367934 0.000799269 
351 0.187585 0.511981 0.175655 0.0785635 0.0153951 0.0111511 0.00612128 0.00418001 0.00236376 0.00700481 
352 0.417928 0.530292 0.0176278 0.00379366 0.000975198 0.000535922 0.000489856 0.000138834 0.000148071 0.0280708 
353 0.231548 0.491224 0.199093 0.0448304 0.00809656 0.0171958 0.00249359 0.00175255 0.00118703 0.00257859 
354 0.160445 0.486553 0.187763 0.0732081 0.026401 0.0187889 0.0103139 0.00704303 0.00506658 0.0244175 
355 0.228508 0.501971 0.18951 0.0412258 0.0266528 0.00519685 0.00215736 0.00151767 0.00102794 0.00223301 
356 0.05917 0.376206 0.199799 0.0882342 0.0747349 0.0548995 0.0399524 0.0343758 0.0154403 0.0571878 
357 0.155159 0.427495 0.279807 0.0744822 0.0178595 0.0138478 0.0155412 0.00493785 0.00274286 0.00812822 
358 0.225023 0.526564 0.186496 0.0424825 0.00586181 0.00285035 0.00195923 0.00669204 0.000683259 0.00138847 
359 0.198772 0.521611 0.129846 0.0701196 0.0442014 0.0128385 0.00703661 0.00480506 0.00271722 0.00805226 
360 0.132228 0.352945 0.378399 0.0628604 0.0216814 0.0252993 0.00827385 0.0056499 0.00319498 0.00946804 
361 0.247748 0.525349 0.147271 0.035015 0.0181339 0.0185678 0.00246192 0.00173193 0.00117306 0.00254826 
362 0.107336 0.467046 0.172546 0.0822848 0.0438033 0.028911 0.0297432 0.0219727 0.0198933 0.026463 
363 0.193863 0.478379 0.173163 0.0642002 0.0229862 0.0271808 0.00885798 0.00604872 0.00344515 0.0218764 
364 0.198697 0.486357 0.174163 0.0561808 0.0243364 0.0294901 0.00968078 0.00650811 0.00368029 0.0109062 
365 0.223849 0.740119 0.0272976 0.00459226 0.00156706 0.00102455 0.000482174 0.000339203 0.000229747 0.000499083 
366 0.0582734 0.370389 0.182213 0.101945 0.088381 0.0540676 0.0393471 0.0338549 0.0152064 0.0563213 
367 0.422924 0.575977 0.000822815 0.000164247 4.22214e-05 2.32029e-05 2.12084e-05 6.01087e-06 6.23679e-06 1.28622e-05 
368 0.39462 0.444375 0.14557 0.00338061 0.0117325 0.000117018 9.35533e-05 2.65148e-05 2.75114e-05 5.67372e-05 
369 0.230121 0.59987 0.158158 0.00417864 0.00141666 0.00489569 0.000423048 0.000297402 0.000201435 0.00043758 
370 0.201771 0.335262 0.415576 0.0248592 0.012057 0.00379142 0.00207988 0.00142028 0.000803157 0.00238009 
371 0.210263 0.592825 0.0851175 0.0150028 0.0101233 0.0024057 0.00289096 0.0796698 0.000537003 0.00116453 
372 0.0757557 0.33077 0.390415 0.105927 0.0481094 0.012853 0.0156545 0.0063341 0.00305369 0.0111273 
373 0.352564 0.541014 0.0902438 0.00884143 0.00277593 0.00181492 0.000854137 0.000600873 0.00040698 0.000884089 
374 0.333134 0.44512 0.132819 0.0801232 0.00374775 0.00201201 0.000946894 0.000666127 0.000451177 0.000980099 
375 0.296245 0.326327 0.296187 0.0760141 0.00134917 0.00299166 0.000296528 0.000187295 0.000126858 0.000275575 
376 0.337067 0.434305 0.21373 0.00856108 0.00225744 0.000585216 0.000273547 0.000192437 0.000769847 0.00225801 
