2 0.216584 0.771722 0.00953138 0.000948871 0.000646635 0.000252598 0.0001601 7.75053e-05 4.0607e-05 3.58803e-05 
3 0.661228 0.338656 0.000103167 6.3002e-06 2.72501e-06 1.84345e-06 6.04999e-07 3.53311e-07 1.40331e-07 1.48047e-07 
4 0.998543 0.00143491 2.08284e-05 7.34916e-07 3.17858e-07 2.15028e-07 0 0 0 0 
5 0.173025 0.717829 0.0600148 0.0178502 0.00851691 0.00478829 0.00255301 0.00118661 0.0136986 0.000537151 
6 0.98588 0.014104 1.50152e-05 2.52267e-07 3.77105e-07 1.18701e-07 0 0 0 0 
7 0.0611906 0.917517 0.0142124 0.0034808 0.0016608 0.000933716 0.000497837 0.000228336 0.000174295 0.00010473 
8 0.171682 0.827924 0.000104518 0.000288841 6.8333e-07 3.43909e-07 1.12766e-07 0 0 0 
9 0.0499943 0.924148 0.0161254 0.0047846 0.00228288 0.00128346 0.000684313 0.000313863 0.000239581 0.000143959 
10 0.997431 0.000798071 0.00164354 0.000126874 2.11209e-07 0 0 0 0 0 
11 0.0766882 0.92317 0.000125816 8.32917e-06 3.6026e-06 2.43713e-06 7.99838e-07 4.67094e-07 1.85525e-07 1.95725e-07 
12 0.242333 0.746836 0.0100783 0.000331507 0.000224606 8.77387e-05 5.561e-05 2.69211e-05 1.41046e-05 1.24628e-05 
13 0.172921 0.70017 0.11151 0.00757339 0.00361043 0.00202982 0.00108226 0.000496382 0.000378902 0.000227674 
14 0.0199396 0.97887 0.000712123 0.000230488 0.000124674 6.01756e-05 3.19809e-05 1.78529e-05 6.16163e-06 7.32134e-06 
15 0.0104701 0.988929 0.000379105 2.47277e-05 0.000182652 6.57691e-06 4.16843e-06 2.01796e-06 1.05726e-06 9.34194e-07 
16 0.0847288 0.865827 0.029504 0.0124403 0.00346 0.00194524 0.00103716 0.000475699 0.000363115 0.000218187 
17 0.479867 0.520101 2.96489e-05 7.03542e-07 1.0517e-06 3.31044e-07 0 0 0 0 
18 0.992846 0.00109562 0.00597531 5.66452e-05 2.61724e-05 0 0 0 0 0 
19 0.865089 0.132585 0.00229329 1.00164e-05 1.49621e-05 4.70964e-06 1.3682e-06 0 0 1.3565e-06 
20 0.301794 0.694687 0.00284543 0.000295581 0.000201432 7.86862e-05 4.98725e-05 2.41435e-05 1.26494e-05 1.1177e-05 
21 0.13911 0.856862 0.00326305 0.000335524 0.000228652 8.93195e-05 5.6612e-05 2.74062e-05 1.43588e-05 1.26874e-05 
22 0.843679 0.156066 0.000243977 3.32481e-06 4.96407e-06 1.56254e-06 4.53936e-07 0 0 4.50054e-07 
23 0.106372 0.841098 0.0353192 0.00824229 0.00426825 0.00223005 0.00108717 0.000685563 0.000382555 0.000315106 
24 0.789316 0.200244 0.00770967 0.00176736 0.000458812 0.000239216 0.00011662 7.35399e-05 4.10364e-05 3.38013e-05 
25 0.151482 0.690001 0.0800092 0.0347216 0.0241892 0.00733596 0.00792467 0.000711533 0.00132118 0.00230397 
26 0.362478 0.601537 0.0154831 0.0158256 0.00224576 0.00115315 0.00056217 0.000354501 0.000197817 0.00016294 
27 0.999045 0.000422261 0.00037338 0.000158266 1.41902e-06 0 0 0 0 0 
28 0.0525713 0.931791 0.00963646 0.00287411 0.00148835 0.000777626 0.0003791 0.000239058 0.000133398 0.000109879 
29 0.468179 0.53041 0.00119867 9.32245e-05 6.35305e-05 2.48172e-05 1.57295e-05 7.61473e-06 3.98955e-06 3.52516e-06 
30 0.352618 0.64355 0.0021548 0.000381539 0.00108131 0.000111431 5.20373e-05 2.90491e-05 1.00258e-05 1.19128e-05 
31 0.325095 0.628493 0.0242299 0.0107986 0.00111013 0.00980808 0.00023714 0.000114796 6.01443e-05 5.31435e-05 
32 0.99923 0.000669619 1.75158e-05 8.13927e-05 1.20568e-06 0 0 0 0 0 
33 0.0913863 0.907233 0.00112385 0.000112602 7.6736e-05 2.99757e-05 1.8999e-05 9.19753e-06 4.81882e-06 4.2579e-06 
34 0.027715 0.96997 0.0014574 0.000412873 0.000223328 0.000107792 5.72873e-05 3.19799e-05 1.10373e-05 1.31147e-05 
35 0.967786 0.0321835 2.78915e-05 6.51418e-07 9.73782e-07 3.06517e-07 0 0 0 0 
36 0.0306125 0.947557 0.0136215 0.0040357 0.00192556 0.00108257 0.000577203 0.000264737 0.000202081 0.000121426 
37 0.907489 0.091459 0.000281415 0.000765174 2.42943e-06 1.5608e-06 5.12238e-07 2.9914e-07 1.18815e-07 1.25348e-07 
38 0.0524883 0.946672 0.000799054 2.13202e-05 9.2216e-06 6.23834e-06 2.04735e-06 1.19562e-06 4.74889e-07 5.01e-07 
39 0.13884 0.725677 0.0724419 0.0440092 0.00882729 0.0049143 0.0026202 0.00120177 0.000917342 0.00055121 
40 0.211432 0.69883 0.0608641 0.0243334 0.00228169 0.00110079 0.000585025 0.000326583 0.000112714 0.000133929 
41 0.0766509 0.888001 0.0243294 0.00527681 0.00273258 0.00142771 0.00069602 0.000438905 0.000244916 0.000201735 
42 0.516834 0.473281 0.00666275 0.00158398 0.000755767 0.000424899 0.000226547 0.000103907 7.93152e-05 4.76587e-05 
43 0.140519 0.640093 0.13267 0.037131 0.0204251 0.0114881 0.00913113 0.00461339 0.00252679 0.00140224 
44 0.37156 0.58017 0.0265741 0.0164696 0.0026254 0.00126719 0.000673459 0.00037595 0.000129753 0.000154174 
45 0.110729 0.806064 0.0517668 0.0153375 0.00669837 0.00412894 0.00219334 0.00124151 0.00085516 0.000985985 
46 0.233684 0.713634 0.0434596 0.00444135 0.00240196 0.00115934 0.000616144 0.000343954 0.00011871 0.000141053 
47 0.113275 0.733775 0.0795213 0.0283153 0.0126727 0.0227008 0.00404924 0.00229201 0.00157876 0.00182028 
48 0.331317 0.659084 0.00835726 0.000598135 0.000323473 0.000156129 8.29764e-05 4.63205e-05 1.59867e-05 1.89956e-05 
49 0.220147 0.763068 0.0139794 0.00135086 0.000730693 0.00035268 0.000187435 0.000104633 3.61123e-05 4.29092e-05 
50 0.271956 0.7033 0.0128038 0.0102392 0.000906444 0.000354088 0.000224426 0.000108646 5.69223e-05 5.02965e-05 
51 0.0843337 0.915607 5.22592e-05 3.45437e-06 1.49411e-06 1.01075e-06 3.31718e-07 1.93719e-07 0 0 
52 0.714744 0.285089 0.000135985 1.31485e-05 8.96042e-06 3.50025e-06 2.21851e-06 1.07399e-06 5.62691e-07 4.97193e-07 
53 0.931656 0.0683042 3.74221e-05 8.80793e-07 1.31667e-06 4.14447e-07 1.20401e-07 0 0 1.19372e-07 
54 0.899214 0.0776787 0.0230652 2.21154e-05 9.34332e-06 6.32068e-06 2.07438e-06 1.2114e-06 4.81158e-07 5.07613e-07 
55 0.051803 0.926799 0.0131999 0.00531192 0.00137356 0.00071765 0.000349861 0.00022062 0.000123109 0.000101404 
56 0.129888 0.797027 0.0376538 0.0114634 0.0088217 0.0117104 0.00151205 0.000953484 0.000532059 0.000438252 
57 0.273916 0.711259 0.00693977 0.00658636 0.000652556 0.000314966 0.000167392 9.34442e-05 3.22506e-05 3.83207e-05 
58 0.662091 0.334402 0.00210894 0.000673249 0.000364168 0.000175771 9.34153e-05 5.21479e-05 1.79979e-05 2.13854e-05 
59 0.188923 0.810095 0.00019937 0.000772852 4.68506e-06 3.15784e-06 1.03637e-06 6.05224e-07 2.40389e-07 2.53606e-07 
60 0.119962 0.745441 0.0698712 0.0362307 0.0127878 0.00796446 0.0034566 0.00280103 0.000747354 0.00073747 
61 0.36636 0.621399 0.0100069 0.000980084 0.000667906 0.000260907 0.000165367 8.00549e-05 4.19427e-05 3.70606e-05 
62 0.150701 0.618303 0.137994 0.0398216 0.0219052 0.0123206 0.00979281 0.0049477 0.00270989 0.00150385 
63 0.266533 0.708439 0.0149484 0.00485366 0.0026254 0.00126719 0.000673459 0.00037595 0.000129753 0.000154174 
64 0.406556 0.553841 0.0204675 0.00213655 0.0157277 0.000566541 0.000359082 0.000173833 9.10757e-05 8.04744e-05 
65 0.183179 0.714548 0.0612662 0.00806072 0.00416643 0.0263682 0.00106088 0.000668977 0.000373299 0.000307483 
66 0.128759 0.791859 0.0533507 0.0124665 0.00645573 0.00337295 0.00164435 0.00103691 0.000578614 0.000476599 
67 0.303455 0.619962 0.0494334 0.00820772 0.0156023 0.00167769 0.000839384 0.000468575 0.000161721 0.000192159 
68 0.167735 0.672114 0.125228 0.0135193 0.00606048 0.0107098 0.00193394 0.00108745 0.000749045 0.000863637 
69 0.0666955 0.881548 0.0326047 0.00934262 0.00408023 0.00251509 0.00133604 0.000756248 0.000520909 0.0006006 
70 0.834154 0.16582 2.24754e-05 1.90552e-06 1.62485e-06 0 0 0 0 0 
71 0.94555 0.0536514 0.000701111 4.28544e-05 2.90976e-05 1.13665e-05 7.20427e-06 3.48763e-06 1.82725e-06 1.61456e-06 
72 0.757439 0.24069 0.00152002 0.000154057 0.000104986 4.10112e-05 2.59935e-05 1.25836e-05 6.59286e-06 5.82545e-06 
73 0.99169 0.00725899 0.000606244 0.000439471 5.36084e-06 0 0 0 0 0 
74 0.0443499 0.922634 0.0212624 0.00573363 0.00250406 0.00154353 0.000819939 0.000464115 0.000319686 0.000368593 
75 0.334622 0.657951 0.00540657 0.000972999 0.000526304 0.000254028 0.000135006 7.53652e-05 2.6011e-05 3.09066e-05 
76 0.811527 0.188142 0.000268644 2.73846e-05 1.8662e-05 7.29003e-06 4.62053e-06 2.23682e-06 1.17193e-06 1.03551e-06 
77 0.50135 0.240354 0.254452 6.77264e-05 0.00375276 1.51913e-05 4.30259e-06 2.08291e-06 1.09129e-06 9.6426e-07 
78 0.9633 0.0353077 0.000155778 0.00123251 2.43261e-06 6.83048e-07 1.98433e-07 0 0 1.96736e-07 
79 0.968328 0.0314011 0.000173372 4.71388e-05 2.54979e-05 1.23069e-05 6.54065e-06 3.65123e-06 1.26016e-06 1.49734e-06 
80 0.89337 0.105994 0.000631902 1.26409e-06 1.85571e-06 5.84122e-07 1.69694e-07 0 0 1.68243e-07 
81 0.98202 0.0176569 0.000306788 4.92882e-06 7.36786e-06 2.31918e-06 6.73749e-07 0 0 6.67987e-07 
82 0.0404135 0.84271 0.0655868 0.0194281 0.0173262 0.00544124 0.0058779 0.00052776 0.000979944 0.00170891 
83 0.091793 0.78294 0.078479 0.0278435 0.00788044 0.00485757 0.0025804 0.0014606 0.00100607 0.00115998 
84 0.588828 0.40872 0.00233632 5.99911e-05 2.59476e-05 1.75534e-05 5.76081e-06 3.36423e-06 1.33624e-06 1.40971e-06 
85 0.934718 0.0645822 0.000166163 5.00536e-06 0.000321822 0.000206149 2.81497e-07 0 0 2.7909e-07 
86 0.0505922 0.884872 0.0394948 0.0117441 0.00595516 0.00372252 0.00161559 0.00130918 0.000349307 0.000344687 
87 0.109006 0.885343 0.00337672 0.00109558 0.00059261 0.000286032 0.000152014 8.48601e-05 2.9288e-05 3.48004e-05 
88 0.0939855 0.651547 0.172756 0.0375831 0.0202117 0.00756821 0.0121922 0.00167395 0.00115302 0.00132942 
89 0.0630517 0.931485 0.00326286 0.00105943 0.000573057 0.000276594 0.000146999 8.20601e-05 2.83216e-05 3.36522e-05 
90 0.189574 0.7172 0.0764674 0.00823865 0.00393088 0.00220998 0.00117831 0.000540439 0.000412533 0.000247881 
91 0.155078 0.734433 0.0688393 0.0204753 0.0097694 0.00549245 0.00292846 0.00134315 0.00102526 0.000616058 
92 0.164723 0.742643 0.0636312 0.0174437 0.00535395 0.00298789 0.00159308 0.000730674 0.000557744 0.000335136 
93 0.0700659 0.683712 0.208446 0.0177216 0.00898155 0.00561429 0.00243662 0.0019745 0.000526823 0.000519856 
94 0.229162 0.699725 0.0248349 0.0396603 0.00314915 0.00164534 0.00080212 0.000505812 0.000282251 0.000232487 
95 0.54773 0.451392 0.000846418 1.62405e-05 7.02233e-06 4.75055e-06 1.55908e-06 9.10478e-07 3.61633e-07 3.81516e-07 
96 0.792472 0.203416 0.00263573 0.00133261 8.13563e-05 3.06462e-05 1.62872e-05 9.09214e-06 3.13799e-06 3.72861e-06 
97 0.210133 0.733284 0.0366897 0.00944397 0.00876732 0.00082022 0.00043547 0.000243095 8.39001e-05 9.96914e-05 
98 0.234392 0.718314 0.0298106 0.00859456 0.00410074 0.00230547 0.00122923 0.000563792 0.000430358 0.000258592 
99 0.1396 0.857904 0.00220585 0.000150418 6.50598e-05 4.40124e-05 1.44444e-05 8.43531e-06 3.35042e-06 3.53463e-06 
100 0.85924 0.138846 0.00182469 2.75248e-05 4.11459e-05 1.29515e-05 3.76256e-06 0 0 3.73038e-06 
101 0.0653619 0.891533 0.0258078 0.00740618 0.00407402 0.00229142 0.0018213 0.000920191 0.000503996 0.000279692 
102 0.593916 0.391475 0.00527705 0.00919453 6.4667e-05 4.36912e-05 1.4339e-05 8.37374e-06 3.32596e-06 3.50883e-06 
103 0.927369 0.071968 0.000609077 2.35474e-05 1.59474e-05 6.22962e-06 3.94842e-06 1.91145e-06 1.00146e-06 8.84887e-07 
104 0.0328695 0.963682 0.00238926 0.000507281 0.000262695 0.000137251 6.69113e-05 4.21938e-05 2.35448e-05 1.93936e-05 
105 0.408844 0.570145 0.0122565 0.000990114 0.00718294 0.000259312 0.000164286 7.95316e-05 4.16686e-05 3.68184e-05 
106 0.0310339 0.755808 0.0873011 0.0494407 0.0372757 0.0178187 0.00662198 0.00493176 0.00350165 0.00626691 
107 0.302314 0.588905 0.0796072 0.00445673 0.0224214 0.00113755 0.000585025 0.000326583 0.000112714 0.000133929 
108 0.0477927 0.703041 0.155547 0.0473521 0.0251628 0.00790027 0.00853426 0.000766266 0.0014228 0.0024812 
109 0.546565 0.438041 0.0145192 0.000383967 0.000261654 0.000102211 6.47828e-05 3.13617e-05 1.64312e-05 1.45186e-05 
110 0.378479 0.603411 0.0119503 0.00288896 0.00146491 0.0009157 0.000397417 0.000322044 8.59257e-05 8.47894e-05 
111 0.569278 0.392788 0.00658404 0.0309609 0.000182438 0.000123416 4.05038e-05 2.36537e-05 9.39499e-06 9.91155e-06 
112 0.124422 0.766309 0.091117 0.0087153 0.00449094 0.0023464 0.00114389 0.000721332 0.000402514 0.000331547 
113 0.105182 0.609249 0.202287 0.0522863 0.0138964 0.00867017 0.00376289 0.00304922 0.000813575 0.000802816 
114 0.193748 0.617754 0.174298 0.0032246 0.00928084 0.000825594 0.000438769 0.000244937 8.45357e-05 0.000100447 
115 0.442959 0.542796 0.0141948 2.75478e-05 1.01703e-05 6.88011e-06 2.25797e-06 1.31862e-06 5.23744e-07 5.5254e-07 
116 0.0961243 0.819321 0.073927 0.00509117 0.00263499 0.00137672 0.000671162 0.00042323 0.000236169 0.00019453 
117 0.0403065 0.95857 0.000908176 9.44659e-05 6.43765e-05 2.51477e-05 1.59389e-05 7.71613e-06 4.04267e-06 3.5721e-06 
118 0.400247 0.599042 0.000575583 5.95177e-05 4.056e-05 1.58441e-05 1.00422e-05 4.8615e-06 2.54706e-06 2.25058e-06 
119 0.0435973 0.90704 0.0278323 0.0100977 0.00512032 0.00320067 0.0013891 0.00112565 0.000300338 0.000296367 
120 0.00664922 0.991082 0.00138711 0.000422234 0.000218653 0.000114241 5.56934e-05 3.51199e-05 1.95974e-05 1.61422e-05 
121 0.0387018 0.960464 0.00068049 6.76227e-05 4.60834e-05 1.80018e-05 1.14098e-05 5.52353e-06 2.89391e-06 2.55706e-06 
122 0.247536 0.752168 0.00027606 5.99928e-06 8.96811e-06 2.82289e-06 8.20082e-07 0 0 8.13068e-07 
123 0.422783 0.553499 0.0232235 0.000218469 0.000147133 5.74752e-05 3.64286e-05 1.76353e-05 9.23956e-06 8.16407e-06 
124 0.263453 0.734413 0.00203833 4.97732e-05 2.15283e-05 1.45637e-05 4.77965e-06 2.79124e-06 1.10865e-06 1.16961e-06 
125 0.0661345 0.912351 0.0136472 0.00386755 0.00184533 0.00103746 0.000553153 0.000253706 0.000193661 0.000116367 
126 0.18421 0.788039 0.0227102 0.0031267 0.000891845 0.000492077 0.000262365 0.000120335 9.18551e-05 5.51936e-05 
127 0.146591 0.778611 0.0521605 0.0113004 0.00523086 0.00294084 0.00156799 0.000719167 0.000548961 0.000329858 
128 0.694453 0.304307 0.0010586 7.9537e-05 5.42027e-05 2.11734e-05 1.342e-05 6.49671e-06 3.40379e-06 3.00759e-06 
129 0.0645868 0.856977 0.0453413 0.0161447 0.00705092 0.00434625 0.00230878 0.00130685 0.000900168 0.00103788 
130 0.670229 0.32423 0.00460195 0.000896712 1.97948e-05 1.33908e-05 4.39471e-06 2.56645e-06 1.01937e-06 1.07541e-06 
131 0.911935 0.0877323 0.000315035 5.43606e-06 8.12617e-06 2.55787e-06 7.43091e-07 0 0 7.36736e-07 
132 0.0735008 0.561143 0.345893 0.0105194 0.00412621 0.00231979 0.00123686 0.000567293 0.000433031 0.000260198 
133 0.130919 0.768828 0.0568092 0.0106235 0.0267693 0.00287093 0.00139944 0.00088248 0.000492437 0.000405616 
134 0.674993 0.153468 0.147761 0.0105853 0.00611241 0.00201769 0.00361952 0.000791511 0.000419243 0.000232658 
135 0.214058 0.757888 0.0154413 0.00957676 0.00152557 0.000736339 0.000391334 0.000218457 7.53967e-05 8.95875e-05 
136 0.168108 0.813348 0.0172239 0.0012692 2.40218e-05 1.62434e-05 5.3309e-06 3.11317e-06 1.23652e-06 1.30451e-06 
137 0.134263 0.570291 0.175179 0.0534428 0.0217235 0.0262588 0.00981178 0.00487702 0.00267118 0.00148237 
138 0.0339055 0.705397 0.164269 0.0582415 0.0117259 0.00305178 0.0132066 0.00611007 3.65324e-06 0.00408974 
139 0.699852 0.127864 0.171374 1.90213e-05 0.00088069 7.38168e-06 1.72092e-06 1.00499e-06 3.99174e-07 4.21121e-07 
140 0.263751 0.709391 0.0255522 0.000572976 0.000390468 0.00015253 9.66758e-05 4.68013e-05 2.45204e-05 2.16662e-05 
141 0.0375955 0.566133 0.219515 0.103607 0.0324981 0.00468826 0.0202884 0.00938649 5.61222e-06 0.00628279 
142 0.226315 0.666632 0.0924958 0.00721024 0.00338938 0.00190554 0.00101599 0.000465991 0.000355704 0.000213734 
143 0.93721 0.0325842 0.0262978 0.0037662 0.000116607 1.11838e-05 7.08844e-06 3.43155e-06 1.79788e-06 1.5886e-06 
144 0.0653682 0.897519 0.0247902 0.00590138 0.00305597 0.00159666 0.000778389 0.000490847 0.0002739 0.000225609 
145 0.134898 0.774176 0.0604716 0.0149712 0.00714322 0.00401598 0.00214124 0.000982089 0.000749656 0.000450451 
146 0.579155 0.420376 0.00044437 7.6413e-06 1.14227e-05 3.59553e-06 1.04454e-06 0 0 1.03561e-06 
147 0.176289 0.813785 0.00960238 0.00016837 7.28241e-05 4.9265e-05 1.61682e-05 9.44199e-06 3.75026e-06 3.95646e-06 
148 0.284369 0.714781 0.000701208 6.53963e-05 4.45662e-05 1.74091e-05 1.10341e-05 5.34167e-06 2.79864e-06 2.47287e-06 
149 0.0417434 0.957769 0.000395339 4.06251e-05 2.76851e-05 1.08148e-05 6.85455e-06 3.31832e-06 1.73855e-06 1.53618e-06 
150 0.732826 0.265705 0.00121716 0.000110432 7.5257e-05 2.9398e-05 1.86329e-05 9.02027e-06 4.72594e-06 4.17584e-06 
151 0.573578 0.280566 0.143436 0.00030244 0.00211612 1.09018e-06 2.83439e-07 0 0 2.81015e-07 
152 0.176997 0.688158 0.0913991 0.0186526 0.0102126 0.00574404 0.00456557 0.0023067 0.0012634 0.000701119 
153 0.15291 0.735349 0.060323 0.0254617 0.00706729 0.00397326 0.00211846 0.00097174 0.0113799 0.000445663 
154 0.212075 0.786608 0.00106551 0.00011035 7.52012e-05 2.93762e-05 1.8619e-05 9.01358e-06 4.72244e-06 4.17274e-06 
155 0.697614 0.300685 0.00142598 0.000120724 8.22705e-05 3.21377e-05 2.03693e-05 9.86089e-06 5.16637e-06 4.565e-06 
156 0.241108 0.721996 0.0302652 0.00509645 0.000770602 0.000371939 0.000197671 0.000110347 3.80844e-05 4.52524e-05 
157 0.0505401 0.934576 0.00927516 0.00275706 0.00131548 0.000739577 0.000394327 0.00018086 0.000138055 8.29543e-05 
158 0.44601 0.55124 0.00239854 0.000154536 0.000105313 4.11389e-05 2.60744e-05 1.26228e-05 6.61338e-06 5.84358e-06 
159 0.0825442 0.711849 0.158278 0.0285677 0.00780393 0.00481041 0.00255534 0.00144642 0.000996302 0.00114872 
160 0.284054 0.704998 0.00960988 0.000588169 0.000399692 0.000156133 9.89596e-05 4.79068e-05 2.50996e-05 2.2178e-05 
161 0.0508474 0.868406 0.0557064 0.0117441 0.00595516 0.00372252 0.00161559 0.00130918 0.000349307 0.000344687 
162 0.127832 0.799449 0.0478758 0.0122133 0.00582736 0.0032762 0.0017468 0.000801177 0.000611562 0.000367473 
163 0.0634766 0.875405 0.0400408 0.0102821 0.00449053 0.002768 0.00147039 0.000832296 0.000573291 0.000660996 
164 0.479413 0.51934 0.00122646 6.31426e-06 9.43897e-06 2.9711e-06 8.63139e-07 0 0 8.55757e-07 
165 0.228252 0.760103 0.00935163 0.00110432 0.000597313 0.000288302 0.000153221 8.55335e-05 2.95204e-05 3.50766e-05 
166 0.289058 0.700418 0.00798099 0.00167728 0.000435037 0.000209977 0.000111594 6.22961e-05 2.15004e-05 2.55471e-05 
167 0.599432 0.400345 0.000181889 1.82632e-05 1.2446e-05 4.86182e-06 3.08149e-06 1.49176e-06 7.81573e-07 6.90597e-07 
168 0.0506168 0.94413 0.00315915 0.00100825 0.000545373 0.000263232 0.000139897 7.80958e-05 2.69534e-05 3.20265e-05 
169 0.272959 0.715806 0.0107365 0.000381233 6.19791e-05 2.42112e-05 1.53454e-05 7.42878e-06 3.89212e-06 3.43908e-06 
170 0.0419575 0.944125 0.00867225 0.00257837 0.00123022 0.000691641 0.000368768 0.000169137 0.000129107 7.75776e-05 
171 0.177137 0.814627 0.00494078 0.00158713 0.000858495 0.000414366 0.000220219 0.000122934 4.24286e-05 5.04143e-05 
172 0.16449 0.513704 0.310575 0.00587786 0.00246959 0.00138843 0.000740279 0.000339532 0.000259175 0.000155732 
173 0.0611122 0.932955 0.00322177 0.00158826 0.00046718 0.000287896 0.000152934 8.65659e-05 5.96273e-05 6.87493e-05 
174 0.988826 0.010952 0.000206458 4.74048e-06 7.08638e-06 2.23058e-06 6.48008e-07 0 0 6.42466e-07 
175 0.221046 0.600856 0.177413 0.000312146 0.000198285 7.74568e-05 4.90932e-05 2.37663e-05 1.24518e-05 1.10024e-05 
176 0.0958365 0.810675 0.0675173 0.0186881 0.00346643 0.00181098 0.000882871 0.000556732 0.000310665 0.000255892 
177 0.801005 0.197135 0.00185281 2.24049e-06 3.34539e-06 1.05303e-06 3.05916e-07 0 0 3.033e-07 
178 0.142204 0.854032 0.00328977 0.000209798 0.000141199 5.5157e-05 3.49593e-05 1.6924e-05 8.8669e-06 7.83478e-06 
179 0.384782 0.614742 0.000446197 9.14276e-06 1.36672e-05 4.30202e-06 1.24978e-06 0 0 1.2391e-06 
180 0.674085 0.323955 0.0018122 6.49691e-05 4.42747e-05 1.72952e-05 1.09619e-05 5.30674e-06 2.78033e-06 2.4567e-06 
181 0.141093 0.824903 0.0229266 0.00530488 0.00274712 0.0014353 0.000699722 0.00044124 0.000246219 0.000202808 
182 0.128997 0.719639 0.0882925 0.0369849 0.0188354 0.0035149 0.00164435 0.00103691 0.000578614 0.000476599 
183 0.956008 0.00723746 0.000488579 0.0123491 0.0239099 6.70616e-06 0 4.67209e-07 0 0 
184 0.467975 0.521655 0.00690357 0.00170418 0.000813121 0.000457144 0.000243739 0.000111792 8.53342e-05 5.12754e-05 
185 0.123667 0.587169 0.286985 0.000218563 0.00194992 7.223e-06 1.6135e-06 9.4226e-07 3.74256e-07 3.94834e-07 
186 0.858285 0.141525 0.000178688 3.55968e-06 5.32124e-06 1.67497e-06 4.86596e-07 0 0 4.82435e-07 
187 0.56935 0.429312 0.00124479 4.83041e-05 2.08929e-05 1.41339e-05 4.63857e-06 2.70886e-06 1.07593e-06 1.13509e-06 
188 0.264349 0.693446 0.0409917 0.000532728 0.000362578 0.000141635 8.97704e-05 4.34583e-05 2.27689e-05 2.01186e-05 
189 0.910481 0.0882561 0.00113203 6.78501e-05 2.9347e-05 1.9853e-05 6.51555e-06 3.80498e-06 1.5113e-06 1.5944e-06 
190 0.510703 0.485442 0.00335739 0.000250988 0.000131335 5.13039e-05 3.25171e-05 1.57417e-05 8.24748e-06 7.28746e-06 
191 0.123072 0.856023 0.0144166 0.003107 0.0016089 0.000840612 0.000409806 0.000258421 0.000144203 0.000118778 
192 0.114899 0.74239 0.0756231 0.0366564 0.0137555 0.00845609 0.00366997 0.00297393 0.000793487 0.000782993 
193 0.0287325 0.969464 0.00108654 0.000345256 0.000186753 9.0139e-05 4.79053e-05 2.67425e-05 9.2297e-06 1.09669e-05 
194 0.146467 0.839551 0.0137512 0.000120174 5.18952e-05 3.51067e-05 1.15216e-05 6.72846e-06 2.67247e-06 2.81941e-06 
195 0.242032 0.756232 0.00170484 1.60412e-05 6.93699e-06 4.69282e-06 1.54013e-06 8.99413e-07 3.57238e-07 3.7688e-07 
196 0.217579 0.779763 0.0017756 0.000424633 0.000229689 0.000110863 5.89191e-05 3.28908e-05 1.13517e-05 1.34882e-05 
197 0.188748 0.797133 0.0084536 0.0027282 0.00147571 0.000712276 0.000378546 0.000211318 7.29328e-05 8.66598e-05 
198 0.916603 0.0720947 0.0112742 1.50592e-05 6.414e-06 4.33902e-06 1.42402e-06 8.31606e-07 3.30305e-07 3.48466e-07 
199 0.201977 0.790888 0.00426547 0.00138217 0.00074763 0.000360855 0.00019178 0.000107059 3.69494e-05 4.39038e-05 
200 0.0870346 0.902523 0.004662 0.00424099 0.000732592 0.000382747 0.000186593 0.000117664 6.56583e-05 5.40821e-05 
201 0.142878 0.856387 0.000652899 4.25739e-05 1.84144e-05 1.24572e-05 4.08831e-06 2.38752e-06 9.48297e-07 1.00044e-06 
202 0.524945 0.457376 0.00684615 0.0104347 0.000186277 0.000126015 4.13566e-05 2.41516e-05 9.59278e-06 1.01202e-05 
203 0.297722 0.659511 0.0235446 0.0145895 0.00232767 0.00112349 0.000597088 0.000333316 0.000115038 0.00013669 
204 0.347335 0.640665 0.0109833 0.000981489 1.66035e-05 1.12302e-05 3.68562e-06 2.15235e-06 8.54891e-07 9.01895e-07 
205 0.319049 0.644347 0.00774229 0.0033262 0.0250493 0.00021986 0.000135869 6.57748e-05 3.44611e-05 3.04498e-05 
206 0.90732 0.0925231 0.000153318 1.23883e-06 1.85189e-06 5.82919e-07 1.69344e-07 0 0 1.67896e-07 
207 0.379619 0.49902 0.0963515 0.0229826 0.00108003 0.000421892 0.000267401 0.00012945 6.78223e-05 5.99277e-05 
208 0.711714 0.28513 0.0031394 5.14954e-06 7.57319e-06 2.38381e-06 6.92525e-07 0 0 6.86602e-07 
209 0.482191 0.515786 0.00179547 0.000117907 5.09979e-05 3.44997e-05 1.13224e-05 6.61212e-06 2.62627e-06 2.77066e-06 
210 0.782946 0.214142 0.00276242 7.76702e-05 3.35792e-05 2.27161e-05 7.45516e-06 4.35371e-06 1.72925e-06 1.82433e-06 
211 0.41136 0.554039 0.0190439 0.00347911 0.0102142 0.000908153 0.000482646 0.000269431 9.29893e-05 0.000110491 
212 0.0401313 0.934905 0.0148324 0.00475471 0.00240824 0.00150537 0.000653336 0.000529426 0.000141258 0.00013939 
213 0.104407 0.819153 0.0488717 0.0134628 0.00586719 0.00361659 0.00192117 0.00108745 0.000749045 0.000863637 
214 0.104911 0.891236 0.00311406 0.000323854 0.000220699 8.62127e-05 5.46429e-05 2.64529e-05 1.38593e-05 1.22461e-05 
215 0.0441396 0.884731 0.0707584 0.000199375 9.12144e-05 3.56315e-05 2.25837e-05 1.09329e-05 5.72803e-06 5.06128e-06 
216 0.10324 0.89477 0.00175948 0.000119981 5.18952e-05 3.51067e-05 1.15216e-05 6.72846e-06 2.67248e-06 2.81941e-06 
217 0.020169 0.969081 0.00722061 0.00169037 0.000875353 0.000457349 0.000222962 0.000140598 7.8456e-05 6.46235e-05 
218 0.350315 0.614609 0.0330433 0.000892053 0.000607915 0.000237472 0.000150513 7.28643e-05 3.81754e-05 3.37318e-05 
219 0.582974 0.409167 0.00544468 0.00116279 0.000628926 0.00030356 0.00016133 9.00604e-05 3.10828e-05 3.6933e-05 
220 0.549794 0.443793 0.00620975 9.02402e-05 6.02861e-05 2.35498e-05 1.49262e-05 7.22585e-06 3.78581e-06 3.34514e-06 
221 0.468472 0.528295 0.00193111 0.000626749 0.000339015 0.000163631 8.69632e-05 4.85461e-05 1.67548e-05 1.99083e-05 
222 0.40612 0.561408 0.027946 0.00198631 0.00135362 0.000528772 0.000335143 0.000162244 8.5004e-05 7.51094e-05 
223 0.300964 0.667798 0.0179588 0.0102312 0.00141116 0.000787946 0.000420116 0.000192688 0.000147084 8.83797e-05 
224 0.305735 0.610599 0.0588235 0.0188059 0.00305439 0.00145304 0.000772233 0.000431089 0.000148783 0.000176786 
225 0.320203 0.641792 0.0269063 0.00532622 0.00274712 0.0014353 0.000699722 0.00044124 0.000246219 0.000202808 
226 0.19494 0.797002 0.00420382 0.00333225 0.000270672 0.000122447 6.50759e-05 3.63278e-05 1.25379e-05 1.48977e-05 
227 0.934222 0.0636872 0.00148129 0.000588264 9.99788e-06 6.76349e-06 2.2197e-06 1.29627e-06 5.14866e-07 5.43175e-07 
228 0.0905262 0.90637 0.00261857 0.000212818 0.000145031 5.66541e-05 3.59082e-05 1.73833e-05 9.10756e-06 8.04744e-06 
229 0.604438 0.394575 0.000813555 7.60842e-05 5.18497e-05 2.02543e-05 1.28375e-05 6.21468e-06 3.25603e-06 2.87702e-06 
230 0.539118 0.42975 0.0296887 0.00074088 0.00035334 0.000170545 9.06377e-05 5.05973e-05 1.74628e-05 2.07495e-05 
231 0.0816872 0.91398 0.00275189 0.000757263 0.000392147 0.000204887 9.98843e-05 6.29864e-05 3.51474e-05 2.89505e-05 
232 0.860512 0.139053 0.000359063 3.35121e-05 2.26509e-05 8.84823e-06 5.60813e-06 2.71493e-06 1.42242e-06 1.25685e-06 
233 0.53065 0.466798 0.00206587 0.000213428 0.000145447 5.68164e-05 3.60111e-05 1.74331e-05 9.13366e-06 8.0705e-06 
234 0.325959 0.67246 0.00119765 0.000247557 0.000108526 1.34816e-05 7.20014e-06 3.48563e-06 1.82621e-06 1.61364e-06 
235 0.177559 0.798197 0.0177715 0.00311856 0.00168496 0.00081327 0.00043222 0.000241281 8.3274e-05 9.89474e-05 
236 0.070933 0.928624 0.000396305 2.42523e-05 1.04898e-05 7.09626e-06 2.32891e-06 1.36005e-06 5.40198e-07 5.69899e-07 
237 0.0318159 0.965417 0.00165269 0.000536523 0.000290211 0.000140075 7.44441e-05 4.15574e-05 1.43428e-05 1.70424e-05 
238 0.135269 0.629107 0.1366 0.0558539 0.0177819 0.0100014 0.00794946 0.00401636 0.00219979 0.00122077 
239 0.0326098 0.945353 0.0148064 0.00346291 0.00179326 0.000936932 0.000456763 0.000288032 0.000160726 0.000132388 
240 0.0468704 0.912026 0.028516 0.0061881 0.00295253 0.00165994 0.000885044 0.00040593 0.000309858 0.000186186 
241 0.148525 0.745654 0.0659306 0.0196101 0.00935661 0.00526037 0.00280472 0.0012864 0.000981944 0.000590028 
242 0.280102 0.6912 0.0171394 0.00556553 0.00301046 0.00145304 0.000772233 0.000431089 0.000148783 0.000176786 
243 0.279088 0.678881 0.0304729 0.00556553 0.00301046 0.00145304 0.000772233 0.000431089 0.000148783 0.000176786 
244 0.14308 0.774483 0.0503979 0.0153433 0.00794552 0.00415133 0.00202381 0.0012762 0.00071214 0.000586583 
245 0.11488 0.809948 0.0468501 0.0139232 0.00664319 0.00373487 0.00199135 0.000913342 0.00069718 0.00041892 
246 0.15283 0.723779 0.0823058 0.0202168 0.00962782 0.00541285 0.00288601 0.00132368 0.00101041 0.00060713 
247 0.14308 0.764479 0.0597771 0.0159682 0.00794552 0.00415133 0.00202381 0.0012762 0.00071214 0.000586583 
248 0.369597 0.607404 0.0185905 0.00193471 0.00131846 0.000515037 0.000326438 0.00015803 8.27961e-05 7.31585e-05 
249 0.43783 0.534925 0.0220226 0.00229189 0.00156187 0.000610121 0.000386703 0.000187205 9.80815e-05 8.66647e-05 
250 0.17141 0.756719 0.0591409 0.00627349 0.00297901 0.00167483 0.000892982 0.00040957 0.000312637 0.000187856 
251 0.441272 0.558137 0.000368575 0.000107084 5.79231e-05 2.79575e-05 1.48583e-05 8.29443e-06 2.86268e-06 3.40148e-06 
252 0.184918 0.804306 0.00755316 0.00155173 0.000839347 0.000405123 0.000215307 0.000120192 4.14822e-05 4.92898e-05 
253 0.146268 0.849838 0.00263541 0.000602972 0.000312248 0.000163142 7.9533e-05 5.0153e-05 2.79861e-05 2.30519e-05 
254 0.0173854 0.943748 0.0183843 0.00655372 0.00679409 0.00324774 0.00120696 0.000898892 0.000638231 0.00114225 
255 0.131612 0.841643 0.0163838 0.00496177 0.00256944 0.00134247 0.000654466 0.000412702 0.000230294 0.000189691 
256 0.345938 0.649388 0.00465415 1.06223e-05 4.35011e-06 2.94282e-06 9.658e-07 5.64013e-07 2.2402e-07 2.36337e-07 
257 0.0731033 0.908174 0.0108457 0.00384237 0.00167809 0.00103439 0.000549479 0.000311025 0.000214236 0.000247011 
258 0.0422346 0.867503 0.0750554 0.00713304 0.00361633 0.00226054 0.000981083 0.000795013 0.00021212 0.000209315 
259 0.264691 0.734833 0.000452419 7.31249e-06 1.09312e-05 3.44081e-06 9.99593e-07 0 0 9.91045e-07 
260 0.241938 0.752113 0.00385483 0.00100825 0.000545373 0.000263232 0.000139897 7.80958e-05 2.69534e-05 3.20265e-05 
261 0.141823 0.838301 0.0156477 0.00203617 0.00110139 0.000531601 0.000282524 0.000157716 5.44328e-05 6.46778e-05 
262 0.159246 0.829448 0.00894467 0.00113737 0.000615216 0.000296943 0.000157813 8.80972e-05 3.04052e-05 3.61279e-05 
263 0.863384 0.135831 0.000708119 3.97605e-05 1.71975e-05 1.1634e-05 3.81814e-06 2.22974e-06 8.8563e-07 9.34324e-07 
264 0.13704 0.734877 0.0799178 0.0243353 0.00981705 0.00552025 0.00438769 0.00221683 0.00121417 0.000673802 
265 0.399933 0.596164 0.00331238 0.000575281 1.12914e-05 2.74086e-06 7.96249e-07 0 0 7.8944e-07 
266 0.281228 0.71832 0.000109815 0.000184825 0.000154554 1.99158e-06 6.53614e-07 3.81701e-07 1.51608e-07 1.59944e-07 
267 0.0425782 0.935264 0.013552 0.00412114 0.00213413 0.00111503 0.000543586 0.000342781 0.000191277 0.000157553 
268 0.0266667 0.970829 0.00149669 0.000485366 0.00026254 0.000126719 6.73459e-05 3.7595e-05 1.29752e-05 1.54174e-05 
269 0.261329 0.733443 0.00462319 0.00031472 0.000136125 9.20876e-05 3.02221e-05 1.76493e-05 7.01011e-06 7.39554e-06 
270 0.0709945 0.880442 0.0326659 0.0076131 0.00394243 0.00205982 0.00100418 0.00063323 0.000353352 0.000291052 
271 0.30728 0.676509 0.00974211 0.00311503 0.00168496 0.00081327 0.00043222 0.000241281 8.3274e-05 9.89474e-05 
272 0.0195125 0.964707 0.0091262 0.00324602 0.00141764 0.000873849 0.000464198 0.000262753 0.000180986 0.000208674 
273 0.651371 0.344707 0.00390017 6.61109e-06 9.85281e-06 3.10137e-06 9.00983e-07 0 0 8.93278e-07 
274 0.167687 0.829486 0.00251907 0.000159819 6.9126e-05 4.67632e-05 1.53472e-05 8.96251e-06 3.55982e-06 3.75555e-06 
275 0.326731 0.649929 0.0163408 0.00675273 0.000115662 7.82443e-05 2.56789e-05 1.49961e-05 5.9563e-06 6.28379e-06 
276 0.280942 0.702229 0.0149642 0.000818536 0.000557812 0.0002179 0.000138108 6.6859e-05 3.50291e-05 3.09517e-05 
277 0.970416 0.0275902 0.00115264 0.000836303 4.29812e-06 0 0 1.62633e-07 0 0 
278 0.18978 0.715288 0.0633737 0.0148008 0.00750513 0.00469139 0.00203608 0.00164992 0.000440222 0.0004344 
279 0.14459 0.610199 0.146486 0.0422722 0.0232532 0.0130787 0.0103954 0.00525217 0.00287666 0.00159639 
280 0.0777658 0.919593 0.00158 0.000510911 0.000276358 0.000133388 7.08904e-05 3.95737e-05 1.36582e-05 1.62288e-05 
281 0.368617 0.630841 0.000439504 4.48714e-05 3.05789e-05 1.19452e-05 7.57101e-06 3.66517e-06 1.92027e-06 1.69675e-06 
282 0.403797 0.571124 0.0192206 0.00282099 0.00152557 0.000736339 0.000391334 0.000218457 7.53967e-05 8.95875e-05 
283 0.942739 0.0433914 0.0137031 7.66835e-05 4.81145e-05 1.87952e-05 1.19126e-05 5.76698e-06 3.02146e-06 2.66976e-06 
284 0.417344 0.580163 0.0015077 0.000474874 0.000256865 0.00012398 6.58902e-05 3.67823e-05 1.26948e-05 1.50841e-05 
285 0.056594 0.90657 0.022953 0.00682509 0.00325647 0.00183082 0.000976152 0.000447717 0.000341755 0.000205353 
286 0.0684755 0.717127 0.174623 0.0302937 0.00457202 0.00236384 0.00126035 0.000578065 0.000441253 0.000265139 
287 0.577199 0.407809 0.0135051 0.000734719 0.000401272 0.00015675 9.93507e-05 4.80962e-05 2.51988e-05 2.22656e-05 
288 0.322574 0.64549 0.0165232 0.00499093 0.0073267 0.00160042 0.000657739 0.000414766 0.000231446 0.000190639 
289 0.79473 0.205077 0.000178852 4.28331e-06 6.40297e-06 2.01546e-06 5.85515e-07 0 0 5.80508e-07 
290 0.416133 0.573491 0.00741146 0.00254202 0.000225113 8.79332e-05 5.57333e-05 2.69808e-05 1.41359e-05 1.24905e-05 
291 0.684047 0.31522 0.000650096 4.34789e-05 1.88058e-05 1.2722e-05 4.17521e-06 2.43826e-06 9.68453e-07 1.0217e-06 
292 0.183485 0.813412 0.00260023 0.0002207 0.000150403 5.87524e-05 3.72381e-05 1.80272e-05 9.44488e-06 8.34549e-06 
293 0.104497 0.835254 0.0368503 0.0112058 0.00580291 0.00303187 0.00147806 0.000932058 0.000520102 0.000428403 
294 0.146462 0.735285 0.0650293 0.0332255 0.00922666 0.00518731 0.00276576 0.00126853 0.000968306 0.000581833 
295 0.215753 0.775783 0.00832223 7.6407e-05 3.09375e-05 2.0929e-05 6.86866e-06 4.0112e-06 1.59321e-06 1.6808e-06 
296 0.13677 0.754911 0.0629885 0.0146664 0.0223008 0.00396819 0.00193453 0.0012199 0.000680722 0.000560704 
297 0.134518 0.687961 0.0967815 0.0627056 0.00911986 0.00429295 0.00228891 0.00104982 0.000801357 0.000481517 
298 0.159777 0.696082 0.0711222 0.0512019 0.0100655 0.00565889 0.0030172 0.00138385 0.00105633 0.000634727 
299 0.115021 0.881547 0.00277811 0.000287038 0.00019561 7.64121e-05 4.84311e-05 2.34457e-05 1.22838e-05 1.0854e-05 
300 0.389182 0.608444 0.00137919 0.000160184 0.000759092 3.85208e-05 1.86605e-05 9.03366e-06 4.73296e-06 4.18204e-06 
301 0.0603623 0.910819 0.0176223 0.00536192 0.00277666 0.00145073 0.000707246 0.000445984 0.000248866 0.000204989 
302 0.134789 0.787058 0.0479714 0.0144539 0.00748491 0.00391067 0.00190649 0.00120222 0.000670857 0.000552578 
303 0.230148 0.768647 0.00106511 7.25418e-05 3.13764e-05 2.12259e-05 6.96609e-06 4.06809e-06 1.61581e-06 1.70465e-06 
304 0.0720328 0.69722 0.104425 0.0565945 0.0379169 0.0119077 0.0128632 0.00115495 0.00214452 0.00373978 
305 0.784501 0.204861 0.00792742 0.00130682 0.000668122 0.000349077 0.000170178 0.000107313 5.98824e-05 4.93245e-05 
306 0.128705 0.870107 0.00106517 6.37283e-05 2.75643e-05 1.8647e-05 6.11974e-06 3.57384e-06 1.41949e-06 1.49754e-06 
307 0.410494 0.565458 0.0228372 0.000575779 0.000338406 0.000132193 8.37857e-05 4.05611e-05 2.1251e-05 1.87774e-05 
308 0.29506 0.702463 0.00153972 0.000451259 0.000244091 0.000117814 6.26135e-05 3.49532e-05 1.20635e-05 1.4334e-05 
309 0.0983395 0.737989 0.147098 0.00792934 0.0038719 0.0024203 0.00105042 0.000851197 0.000227111 0.000224108 
310 0.0577745 0.908887 0.0204038 0.00619451 0.00320782 0.001676 0.000817067 0.000515237 0.00028751 0.000236819 
311 0.901057 0.0987767 0.000147348 9.79027e-06 4.23456e-06 2.86465e-06 9.40145e-07 5.49031e-07 2.1807e-07 2.3006e-07 
312 0.113356 0.883002 0.00217996 0.000703903 0.000380749 0.000183774 9.76686e-05 5.45222e-05 1.88174e-05 2.23591e-05 
313 0.0811193 0.861084 0.0360105 0.0107101 0.00511015 0.00287297 0.00153181 0.000702571 0.000536293 0.000322246 
314 0.0501794 0.939878 0.00609285 0.00184347 0.000954637 0.000498773 0.000243157 0.000153333 8.55621e-05 7.04766e-05 
315 0.122617 0.845788 0.0221854 0.00462574 0.00220704 0.00124082 0.000661578 0.000303436 0.000231621 0.000139176 
316 0.113275 0.733775 0.0795213 0.0283153 0.0132607 0.0221128 0.00404925 0.00229201 0.00157876 0.00182028 
317 0.11852 0.754005 0.0797175 0.0232976 0.0101747 0.0062718 0.00333165 0.00188583 0.00129898 0.0014977 
318 0.16102 0.685704 0.104146 0.0178503 0.00864559 0.0174791 0.00255406 0.00117095 0.000893821 0.000537076 
319 0.0822808 0.884234 0.0240189 0.00453326 0.00234754 0.00122653 0.000597944 0.00037706 0.000210405 0.000173309 
320 0.350616 0.647049 0.00190148 0.000190016 0.000129492 5.0584e-05 3.20609e-05 1.55208e-05 8.13176e-06 7.18521e-06 
321 0.165806 0.797846 0.0334124 0.00144481 0.000687701 0.000386632 0.000206144 9.45489e-05 7.21719e-05 4.33664e-05 
322 0.745993 0.234725 0.00463466 0.000111672 0.000167053 0.0143381 1.52652e-05 0 1.13819e-07 1.51347e-05 
323 0.357269 0.604619 0.0270553 0.0106713 0.000180581 0.000122157 4.00905e-05 2.34123e-05 9.29912e-06 9.81041e-06 
324 0.232252 0.739822 0.0270161 0.000407016 0.000267867 0.000104638 6.63211e-05 3.21064e-05 1.68214e-05 1.48633e-05 
325 0.741338 0.256981 0.00136406 0.000138708 9.45268e-05 3.69254e-05 2.34038e-05 1.13299e-05 5.93603e-06 5.24507e-06 
326 0.0524259 0.878095 0.0482047 0.0104182 0.00451576 0.00278355 0.00147865 0.000836971 0.000576512 0.000664709 
327 0.165482 0.507628 0.216571 0.0575461 0.0279686 0.00977147 0.00776671 0.00392404 0.00214922 0.00119271 
328 0.108841 0.436034 0.431678 0.0115914 0.00493132 0.00303971 0.00161473 0.000913993 0.000629565 0.000725879 
329 0.413207 0.585657 0.00030655 0.000508562 0.00031764 1.97045e-06 6.46621e-07 3.77617e-07 1.49986e-07 1.58232e-07 
330 0.10743 0.860655 0.0217554 0.00486496 0.00251931 0.00131627 0.000641696 0.000404649 0.000225801 0.00018599 
331 0.179062 0.799687 0.0191162 0.000936942 0.000638502 0.000249421 0.000158086 7.65304e-05 4.00962e-05 3.5429e-05 
332 0.311698 0.670768 0.014173 0.00147498 0.00100517 0.000392652 0.000248869 0.000120479 6.31217e-05 5.57743e-05 
333 0.356733 0.623357 0.0127065 0.0041377 0.00141586 0.000794652 0.000423692 0.000194328 0.000148336 8.91318e-05 
334 0.200547 0.798431 0.000907425 5.96408e-05 2.57963e-05 1.7451e-05 5.72722e-06 3.34461e-06 1.32845e-06 1.40149e-06 
335 0.236435 0.740962 0.016134 0.00311503 0.00168496 0.00081327 0.00043222 0.000241281 8.3274e-05 9.89474e-05 
336 0.303361 0.65095 0.0186375 0.0205341 0.00327638 0.00157939 0.000839384 0.000468575 0.000161721 0.000192159 
337 0.313308 0.655944 0.0183636 0.00596307 0.00322549 0.00155683 0.000827393 0.000461881 0.00015941 0.000189414 
338 0.138809 0.766289 0.0488936 0.0298004 0.00771857 0.00402741 0.0019634 0.00123811 0.000690882 0.000569073 
339 0.37283 0.610107 0.0108473 0.00297706 0.00154167 0.000805482 0.00039268 0.000247621 0.000138176 0.000113815 
340 0.0547332 0.898794 0.027764 0.00801077 0.00440659 0.00247848 0.00196998 0.000995309 0.000545139 0.000302523 
341 0.150574 0.840066 0.0078242 0.000674085 0.000459374 0.000179447 0.000113736 5.50603e-05 2.88475e-05 2.54896e-05 
342 0.109573 0.846079 0.0320344 0.00605356 0.00288834 0.00162385 0.000865804 0.000397105 0.000303122 0.000182139 
343 0.123383 0.805491 0.0521272 0.00994228 0.00417811 0.00234897 0.00125242 0.000574429 0.000438478 0.000263471 
344 0.179527 0.706062 0.0629138 0.024987 0.0180795 0.00406004 0.00216451 0.000992763 0.000757805 0.000455347 
345 0.115159 0.873873 0.00661195 0.00209756 0.00113459 0.000547629 0.000291043 0.000162471 5.6074e-05 6.66279e-05 
346 0.085978 0.848167 0.0603719 0.0046828 0.00040223 0.000193911 0.000103056 5.75297e-05 1.98554e-05 2.35924e-05 
347 0.677226 0.314813 0.00422914 0.00235335 0.00112964 0.000110468 7.00159e-05 3.38951e-05 1.77585e-05 1.56914e-05 
348 0.864727 0.133223 0.00170947 0.000149571 0.000101929 3.98171e-05 2.52367e-05 1.22172e-05 6.4009e-06 5.65583e-06 
349 0.139028 0.735064 0.0701615 0.0406324 0.00732273 0.00369639 0.00180202 0.00113634 0.000634097 0.0005223 
350 0.137795 0.61567 0.215584 0.0193394 0.00869186 0.00141975 0.000743041 0.000340799 0.000260142 0.000156313 
351 0.0526844 0.945123 0.00130979 0.000425066 0.000229923 0.000110976 5.89791e-05 3.29243e-05 1.13633e-05 1.3502e-05 
352 0.722735 0.274722 0.00153108 0.000487065 0.000263459 0.000127162 6.75817e-05 3.77266e-05 1.30207e-05 1.54714e-05 
353 0.142699 0.786033 0.0457535 0.0125434 0.00598486 0.00336474 0.00179401 0.000822831 0.00062809 0.000377405 
354 0.233762 0.744434 0.0135681 0.0058705 0.00118834 0.000573569 0.000304829 0.000170167 5.87301e-05 6.9784e-05 
355 0.119695 0.704393 0.107396 0.0259392 0.0231527 0.00727104 0.00785454 0.000705236 0.00130948 0.00228358 
356 0.105561 0.778447 0.0774792 0.0240268 0.00673097 0.00373487 0.00199135 0.000913342 0.00069718 0.00041892 
357 0.133942 0.757244 0.0610868 0.0284031 0.0080381 0.00495473 0.002632 0.00148981 0.00102619 0.00118318 
358 0.682946 0.315584 0.00102295 0.000215273 0.000116444 5.62033e-05 2.98698e-05 1.66744e-05 5.75488e-06 6.83804e-06 
359 0.274145 0.686449 0.0160713 0.0177169 0.00282231 0.00136223 0.000723969 0.000404146 0.000139484 0.000165737 
360 0.100803 0.74266 0.104366 0.022339 0.0122883 0.00691153 0.00549353 0.00277554 0.00152018 0.000843622 
