2 0.20217 0.796792 0.000316248 0.000683163 1.27574e-05 2.51894e-05 2.51623e-07 0 0 0 
3 0.555055 0.443829 0.000536959 0.000466056 2.69477e-05 1.44388e-06 1.12663e-06 3.70908e-07 4.18402e-07 8.22491e-05 
4 0.0605432 0.401317 0.232767 0.0906181 0.0660203 0.0491323 0.0335049 0.0267428 0.015873 0.0234814 
5 0.0123453 0.856899 0.0564585 0.0200977 0.0166593 0.0124008 0.00845651 0.00674978 0.00400628 0.00592662 
6 0.0133245 0.840039 0.0779626 0.0272288 0.0147753 0.00919867 0.00652301 0.00466644 0.00259366 0.00368758 
7 0.123123 0.876461 0.000371577 2.88727e-05 8.07725e-06 2.95378e-06 2.34906e-06 7.73359e-07 8.71865e-07 7.28374e-07 
8 0.039262 0.586052 0.171378 0.110926 0.0385772 0.0210642 0.0122242 0.00874499 0.00486057 0.00691058 
9 0.139786 0.395218 0.245749 0.103979 0.0465082 0.0240502 0.0166933 0.0119421 0.00663755 0.00943703 
10 0.191787 0.285052 0.51198 0.00914523 0.000864813 0.000484271 0.000528129 7.73218e-05 4.06161e-05 4.09181e-05 
11 0.0442279 0.927019 0.0270268 0.000917361 0.000308672 0.0002144 0.000112947 6.80854e-05 4.96871e-05 5.55684e-05 
12 0.200787 0.349467 0.423738 0.0131289 0.00938952 0.00160633 0.00077254 0.00050742 0.000300654 0.00030289 
13 0.0773048 0.869921 0.0434981 0.00543236 0.00160506 0.00103038 0.000495664 0.000325562 0.000192901 0.000194335 
14 0.478477 0.520981 0.000210662 0.0003258 3.17668e-06 1.05247e-06 8.37002e-07 2.75558e-07 3.10657e-07 2.5953e-07 
15 0.0768275 0.4897 0.261141 0.124453 0.0186751 0.0125055 0.00658799 0.00397128 0.00289815 0.00324119 
16 0.0579328 0.505079 0.185753 0.102414 0.0481735 0.0299902 0.0228481 0.0256166 0.0101706 0.0120225 
17 0.0587082 0.71145 0.153589 0.0332459 0.0137532 0.00996075 0.011569 0.00303362 0.00221386 0.00247591 
18 0.253814 0.517611 0.202893 0.0157207 0.00795873 0.000921941 0.000443431 0.000291254 0.000172573 0.000173856 
19 0.0335369 0.891099 0.0438971 0.0149816 0.00628718 0.004367 0.00230057 0.0013868 0.00101205 0.00113184 
20 0.0689494 0.812101 0.0870782 0.0176831 0.0054111 0.00375848 0.00198 0.00119355 0.000871029 0.000974129 
21 0.20291 0.215358 0.533115 0.0189712 0.0144706 0.00929283 0.00443301 0.000818106 0.000314153 0.000316489 
22 0.875695 0.122202 0.00108384 0.000882137 0.000109342 2.61695e-05 8.77113e-07 2.8807e-07 3.24763e-07 2.71314e-07 
23 0.0606212 0.504128 0.175576 0.102037 0.043646 0.0267765 0.0422086 0.0168801 0.0158281 0.0122984 
24 0.0401365 0.569219 0.171018 0.0821098 0.0445131 0.0287861 0.0303606 0.014934 0.00781382 0.0111094 
25 0.323114 0.525425 0.126066 0.0169221 0.00353823 0.0022714 0.00109265 0.000717677 0.000425235 0.000428397 
26 0.360985 0.638026 0.000895865 1.83003e-05 6.15566e-05 1.08106e-05 1.00999e-06 3.3251e-07 3.74864e-07 3.13169e-07 
27 0.0487801 0.493343 0.206415 0.0997113 0.0541005 0.0336813 0.0238843 0.0170864 0.0094968 0.0135022 
28 0.0595833 0.472381 0.177424 0.106841 0.0529468 0.0607182 0.0321698 0.0165795 0.00881845 0.0125378 
29 0.0992999 0.520525 0.235719 0.0632646 0.0389228 0.0181001 0.00953525 0.00574791 0.00419469 0.0046912 
30 0.0155889 0.329503 0.181172 0.112776 0.10926 0.0699035 0.0730686 0.044336 0.0244783 0.0399142 
31 0.050249 0.386363 0.33104 0.113502 0.042373 0.0263769 0.0187045 0.0133809 0.00743725 0.010574 
32 0.310955 0.576794 0.109767 0.00144629 0.000661357 0.000160031 0.000174353 1.93694e-05 1.12345e-05 1.1318e-05 
33 0.371017 0.287566 0.121819 0.0948635 0.0219781 0.099409 0.000270037 0.00075056 0.00141885 0.000908044 
34 0.344335 0.621815 0.0271367 0.00303153 0.000930842 0.000598919 0.00173959 0.000188807 0.000111871 0.000112703 
35 0.20324 0.793025 0.00305467 0.000630182 2.54989e-05 9.32473e-06 7.4157e-06 2.4414e-06 2.75237e-06 2.29939e-06 
36 0.0439887 0.489276 0.232226 0.104539 0.048595 0.0280677 0.0199036 0.0142386 0.007914 0.0112518 
37 0.0222956 0.502531 0.171992 0.0786264 0.065894 0.0601266 0.0332632 0.0264085 0.0156746 0.0231879 
38 0.123825 0.18704 0.650974 0.0184161 0.00753027 0.00523044 0.00275543 0.00166099 0.00121215 0.00135563 
39 0.0270581 0.406612 0.204216 0.093988 0.0778263 0.0579322 0.0418649 0.0440901 0.0187247 0.0276871 
40 0.0157541 0.950444 0.0119667 0.00590617 0.00489611 0.00364456 0.00248534 0.00198374 0.00117743 0.00174181 
41 0.0629422 0.42091 0.264872 0.097206 0.0572532 0.0275496 0.0395507 0.0127287 0.00701468 0.00997323 
42 0.0199159 0.538147 0.177977 0.135493 0.0445025 0.027761 0.0189063 0.0150906 0.00895689 0.0132502 
43 0.0153527 0.339662 0.178889 0.1254 0.107961 0.0688436 0.0568197 0.0436553 0.0241074 0.0393094 
44 0.0144754 0.378166 0.181723 0.104744 0.101455 0.0649097 0.0535729 0.0411607 0.0227298 0.0370632 
45 0.0771746 0.47861 0.185351 0.0967171 0.0524856 0.0326759 0.0231713 0.0165763 0.00923258 0.028005 
46 0.0624087 0.688604 0.15993 0.0500128 0.0148907 0.0103429 0.00544871 0.00328452 0.00239697 0.00268068 
47 0.0622453 0.478691 0.200175 0.0968917 0.0672608 0.0326759 0.0231713 0.0165763 0.00921331 0.0130992 
48 0.0587694 0.733651 0.128283 0.0377535 0.0158437 0.0110048 0.00579743 0.00349473 0.00255037 0.00285225 
49 0.048041 0.485862 0.188512 0.128001 0.0534135 0.033171 0.0235224 0.0168275 0.0093529 0.0132976 
50 0.0969265 0.539425 0.200781 0.0739771 0.0409301 0.0205443 0.0108161 0.00652002 0.00475816 0.00532136 
51 0.0814238 0.444911 0.189849 0.11675 0.113888 0.0274098 0.0120383 0.0053931 0.00393576 0.00440162 
52 0.564787 0.42912 0.00579541 0.000203894 4.84636e-05 1.77227e-05 1.40944e-05 4.64016e-06 5.2312e-06 4.37025e-06 
53 0.459371 0.538603 0.00130832 0.000705979 6.20916e-06 2.23019e-06 1.77361e-06 5.83908e-07 6.58284e-07 5.49944e-07 
54 0.04297 0.665748 0.220775 0.0437868 0.0147776 0.00511377 0.00269397 0.00162394 0.00118512 0.00132539 
55 0.230748 0.644683 0.0897397 0.0170842 0.00589337 0.00633877 0.00232597 0.00125169 0.000913457 0.00102158 
56 0.22257 0.207168 0.526388 0.0292471 0.0055788 0.00387494 0.00204135 0.00123054 0.000898018 0.00100431 
57 0.201595 0.208473 0.433397 0.101091 0.0260253 0.0167358 0.00550228 0.00248758 0.00407848 0.000615771 
58 0.775214 0.155251 0.0640316 0.00336172 0.000894506 0.000574194 0.000276215 0.000181424 0.000107497 0.000108296 
59 0.0254705 0.375323 0.181487 0.116116 0.0906497 0.0694142 0.038373 0.0333599 0.0286378 0.0411691 
60 0.0371201 0.416947 0.182559 0.123843 0.0700021 0.0644529 0.0354535 0.0281691 0.0167195 0.0247338 
61 0.0481412 0.178714 0.264095 0.461618 0.0264421 0.0143881 0.0026443 0.00155459 0.00113451 0.00126879 
62 0.0580883 0.418513 0.30536 0.0957196 0.039765 0.0267877 0.026305 0.0126643 0.00693586 0.00986117 
63 0.107076 0.531291 0.334486 0.014682 0.00476134 0.00329881 0.00173784 0.00104758 0.0007645 0.000854991 
64 0.0705728 0.830298 0.0554268 0.0173284 0.00940249 0.0058537 0.00415101 0.00296955 0.00165051 0.00234664 
65 0.0428675 0.646304 0.261996 0.0232519 0.00975596 0.00677638 0.00356985 0.00215193 0.00157043 0.00175631 
66 0.0512251 0.47122 0.261807 0.0939716 0.043414 0.0270282 0.0191664 0.0137113 0.00762089 0.0108351 
67 0.0962489 0.540497 0.215312 0.0704357 0.0295591 0.0205314 0.0108161 0.00652002 0.00475816 0.00532136 
68 0.0224534 0.465116 0.221731 0.0786446 0.0651795 0.0485182 0.0330861 0.0264085 0.0156746 0.0231879 
69 0.0225746 0.447798 0.184131 0.0946119 0.0910955 0.0601874 0.033505 0.0267428 0.015873 0.0234814 
70 0.0755505 0.633745 0.132026 0.0629131 0.0341411 0.0212552 0.0150726 0.0107827 0.00599312 0.00852082 
71 0.048041 0.485862 0.18816 0.112375 0.0547007 0.0478614 0.0235224 0.0168275 0.0093529 0.0132976 
72 0.498694 0.500807 0.000296432 0.000184384 9.25924e-06 3.31558e-06 2.63679e-06 8.68084e-07 9.78657e-07 8.1759e-07 
73 0.064059 0.214589 0.664759 0.0297782 0.0102557 0.00709075 0.00373546 0.00225176 0.00164328 0.00183779 
74 0.509584 0.461476 0.028514 0.000271912 0.000146453 3.08256e-06 2.38242e-06 7.84342e-07 8.84248e-07 7.38719e-07 
75 0.112834 0.524263 0.223584 0.071322 0.033057 0.0149752 0.00787695 0.00474827 0.00346518 0.00387534 
76 0.353867 0.560747 0.0575599 0.0145112 0.00507812 0.00352719 0.00185815 0.00112011 0.000817427 0.000914183 
77 0.0475352 0.350077 0.428987 0.0781888 0.0355478 0.0339621 0.00971704 0.00681358 0.00378707 0.00538432 
78 0.0371882 0.936541 0.011931 0.00585127 0.00352591 0.00171183 0.00121382 0.000868345 0.000482636 0.000686195 
79 0.248974 0.518559 0.212637 0.0122912 0.00346672 0.00105563 0.00233143 0.000353604 0.000165522 0.000166752 
80 0.310415 0.276733 0.23968 0.130288 0.0155852 0.0216564 0.00239023 0.00127731 0.000932153 0.00104249 
81 0.61647 0.383505 1.04365e-05 2.00908e-06 6.22017e-06 0 6.18182e-06 0 0 0 
82 0.494634 0.498146 0.00710044 0.000100638 9.91272e-06 3.62476e-06 2.88267e-06 9.49035e-07 1.06992e-06 8.93832e-07 
83 0.0427383 0.940129 0.013669 0.00198917 0.000615787 0.00039531 0.000190163 0.000124903 7.40072e-05 7.45575e-05 
84 0.0251117 0.427693 0.217093 0.0911667 0.0734418 0.0546684 0.0372801 0.0297561 0.0176615 0.0261272 
85 0.0153527 0.324513 0.193575 0.111069 0.107604 0.0688436 0.0603312 0.0552943 0.0241083 0.0393094 
86 0.0601328 0.46505 0.180194 0.108772 0.0649656 0.0460251 0.0226069 0.0160959 0.00901274 0.0271457 
87 0.0421567 0.398078 0.192273 0.0953042 0.0790149 0.0739502 0.0401062 0.0320103 0.0189995 0.0281066 
88 0.0241308 0.423242 0.209362 0.0869895 0.0704644 0.0545524 0.0606758 0.0285694 0.0169455 0.025068 
89 0.417941 0.574126 0.00747748 9.69614e-05 1.55389e-05 5.88126e-06 0.000332835 1.48778e-06 1.67728e-06 1.40124e-06 
90 0.11747 0.571773 0.253868 0.0446191 0.00512419 0.00328898 0.00158216 0.0010392 0.00061574 0.000620319 
91 0.0147099 0.339376 0.199434 0.106445 0.102926 0.0662965 0.0683654 0.0417877 0.0230593 0.0376003 
92 0.0254705 0.402288 0.183059 0.104238 0.104428 0.0662426 0.0396801 0.0301812 0.0179138 0.0265005 
93 0.190113 0.51626 0.231198 0.0248332 0.0344034 0.00155136 0.000672687 0.000441835 0.000261794 0.000263741 
94 0.758259 0.155717 0.0646898 0.0150098 0.00626244 2.38783e-05 1.89478e-05 6.23801e-06 7.03258e-06 5.87516e-06 
95 0.917472 0.0640492 0.0182055 0.000226534 2.58289e-05 8.01916e-06 6.37742e-06 2.09958e-06 2.36701e-06 1.97745e-06 
96 0.354315 0.580795 0.0409635 0.0234635 0.000240631 8.56306e-05 6.80996e-05 2.24198e-05 2.52755e-05 2.11157e-05 
97 0.0740215 0.861401 0.0549443 0.00553241 0.00171235 0.00109926 0.000528797 0.000347325 0.000205795 0.000207326 
98 0.0313084 0.283222 0.232254 0.382475 0.026332 0.0182037 0.0105091 0.00669044 0.00371862 0.00528701 
99 0.163776 0.573452 0.225705 0.0239532 0.00815503 0.00229522 0.00109265 0.000717676 0.000425235 0.000428397 
100 0.27405 0.701066 0.0208906 0.00229989 0.000706864 0.000453778 0.000218289 0.000143377 8.49531e-05 8.55848e-05 
101 0.022299 0.959929 0.0102346 0.00358874 0.00150605 0.00104609 0.000551086 0.000332198 0.000242431 0.000271126 
102 0.168798 0.581975 0.199829 0.0337482 0.00653493 0.00419513 0.00201806 0.0013255 0.000785383 0.000791223 
103 0.00431321 0.982728 0.00607392 0.00272959 0.00148127 0.000922192 0.00065395 0.000467824 0.000260022 0.00036969 
104 0.09297 0.247287 0.649964 0.00744941 0.00159113 0.000339771 0.000163446 0.000107355 6.36095e-05 6.40825e-05 
105 0.118333 0.424991 0.364313 0.0869345 0.00238968 0.00139838 0.000672688 0.000441835 0.000261794 0.000263741 
106 0.0143115 0.844112 0.130959 0.00608215 0.00172966 0.0012014 0.000632907 0.00038152 0.000278425 0.00031138 
107 0.240891 0.758 0.000476448 0.000618364 7.31665e-06 2.64202e-06 2.10113e-06 6.91734e-07 7.79844e-07 6.51498e-07 
108 0.255277 0.333108 0.38984 0.014067 0.00473837 0.000649734 0.00187336 0.000204567 0.000120639 0.000121536 
109 0.212006 0.745401 0.0329611 0.00553132 0.00171235 0.00109926 0.000528797 0.000347325 0.000205795 0.000207326 
110 0.0298557 0.740749 0.194589 0.016586 0.00694898 0.00482668 0.00254273 0.00153278 0.00111858 0.00125099 
111 0.0962489 0.51033 0.200829 0.100156 0.0295643 0.0207095 0.0255634 0.00652002 0.00475816 0.00532136 
112 0.162271 0.759447 0.06142 0.0096953 0.00299261 0.00192114 0.00092416 0.000607007 0.000359661 0.000362336 
113 0.0181932 0.348106 0.377328 0.083259 0.0532155 0.0396067 0.0270091 0.021558 0.0127956 0.0189289 
114 0.0417279 0.461474 0.24218 0.0985928 0.059347 0.02881 0.0204273 0.016495 0.0193985 0.011548 
115 0.00761178 0.194281 0.161312 0.211417 0.14753 0.0522841 0.118026 0.0343361 0.0343867 0.0388153 
116 0.00784599 0.200259 0.166247 0.187697 0.151553 0.0537813 0.106384 0.0362284 0.0498625 0.0401407 
117 0.0440006 0.466568 0.238053 0.103215 0.0611687 0.0300351 0.0212668 0.0152139 0.00845605 0.0120225 
118 0.0259435 0.395144 0.18392 0.0918905 0.118288 0.0563703 0.0527591 0.0306267 0.0181734 0.0268845 
119 0.0155889 0.329503 0.181182 0.128149 0.10926 0.0699028 0.0576939 0.0443269 0.0244783 0.0399142 
120 0.103369 0.412359 0.254363 0.114383 0.0704006 0.0240745 0.00882942 0.00480045 0.00350326 0.00391792 
121 0.537214 0.446343 0.0125704 0.00352542 0.000182536 6.33603e-05 5.03887e-05 1.6589e-05 1.8702e-05 1.56241e-05 
122 0.0856418 0.570017 0.219231 0.0660999 0.0225052 0.0156319 0.00823499 0.0049641 0.00362269 0.00405149 
123 0.328025 0.415532 0.146172 0.106764 0.00152675 0.000911581 0.000438515 0.000288025 0.00017066 0.000171929 
124 0.0825099 0.631712 0.279625 0.00237264 0.00313576 0.000308454 0.000137915 9.05854e-05 5.36733e-05 5.40724e-05 
125 0.0847811 0.37653 0.368809 0.0956018 0.0477931 0.0127771 0.00540805 0.00326001 0.00237908 0.00266068 
126 0.110026 0.499753 0.278406 0.0863755 0.00451882 0.00599287 0.0135819 0.000640747 0.00035145 0.000354063 
127 0.0977073 0.533131 0.203827 0.0715029 0.0301262 0.0358721 0.0109827 0.0066188 0.00483025 0.00540199 
128 0.172366 0.281971 0.164453 0.166473 0.20879 0.0028752 0.00125968 0.000827385 0.000490239 0.000493884 
129 0.0503491 0.511718 0.182876 0.0952948 0.0517137 0.0321954 0.0228306 0.0169561 0.0226513 0.0134154 
130 0.0270141 0.39807 0.193413 0.107952 0.0955205 0.05881 0.0401044 0.0320103 0.0189995 0.0281066 
131 0.0274297 0.404194 0.195231 0.0967704 0.080221 0.0597147 0.0407214 0.0325028 0.0194462 0.0437692 
132 0.0526382 0.657449 0.264068 0.0143802 0.00437318 0.00303666 0.00159973 0.000964329 0.000703745 0.000787044 
133 0.116914 0.857081 0.0217467 0.00244612 0.000756996 0.000485961 0.000233771 0.000153545 9.09781e-05 9.16546e-05 
134 0.0992104 0.526032 0.206879 0.0726029 0.0304686 0.0211632 0.0121232 0.0154256 0.0106099 0.00548509 
135 0.0251341 0.384185 0.261531 0.0902143 0.0734418 0.0546684 0.0372801 0.0297561 0.0176615 0.0261272 
136 0.237209 0.413106 0.250831 0.0647897 0.0216247 0.00550868 0.00273464 0.00164846 0.00120301 0.0013454 
137 0.0816288 0.437707 0.35324 0.0616907 0.0250691 0.0174127 0.00917315 0.00552963 0.0040354 0.00451305 
138 0.050789 0.477696 0.216028 0.10568 0.064373 0.0254576 0.0183543 0.0229502 0.00846741 0.0102052 
139 0.185721 0.552981 0.155945 0.0990198 0.00374377 0.00119167 0.000573247 0.00037652 0.000223094 0.000224753 
140 0.167271 0.523748 0.205505 0.0810506 0.0105682 0.00507952 0.00267409 0.00161196 0.00117637 0.00131561 
141 0.0167399 0.930952 0.0302812 0.0104871 0.00440102 0.0030569 0.0016104 0.000970758 0.000708436 0.000792291 
142 0.646152 0.353257 0.000392186 0.000179083 1.1566e-05 0 8.14846e-06 0 0 0 
143 0.674681 0.301403 0.0229896 0.000457291 0.00046056 3.69037e-06 2.93307e-06 9.65626e-07 1.08862e-06 9.09458e-07 
144 0.0262521 0.709281 0.154688 0.0473489 0.0222569 0.0138562 0.00982581 0.0070292 0.00390691 0.00555471 
145 0.0882272 0.897757 0.0127613 0.000838871 0.000173743 0.000111536 5.36542e-05 3.52412e-05 2.0881e-05 2.10362e-05 
146 0.453761 0.527655 0.0133916 0.00348629 0.0009903 0.000331907 0.00015721 0.000103259 6.11824e-05 6.16374e-05 
147 0.0666443 0.314515 0.529504 0.0339812 0.0278052 0.014934 0.00505001 0.00297171 0.00216868 0.00242538 
148 0.162277 0.131178 0.690116 0.0137771 0.00140284 0.00105925 8.0532e-05 5.00191e-05 2.96371e-05 2.98575e-05 
149 0.345081 0.559102 0.0949783 0.000396249 0.000409542 1.46409e-05 8.82934e-06 2.9068e-06 3.27705e-06 2.73772e-06 
150 0.0833448 0.625689 0.181506 0.067581 0.0159718 0.0110936 0.00584419 0.00352291 0.00257094 0.00287525 
151 0.0409352 0.248848 0.368301 0.271458 0.0376492 0.0114841 0.00796142 0.00569545 0.0031656 0.00450074 
152 0.21089 0.786996 0.00107915 0.0010118 1.67435e-05 2.54209e-06 2.01643e-06 6.6385e-07 7.48409e-07 6.25236e-07 
153 0.126871 0.525568 0.184382 0.0646465 0.0271296 0.0188439 0.00992712 0.00598413 0.00446112 0.0321859 
154 0.0266704 0.436135 0.190113 0.0938817 0.0778263 0.0579322 0.0395058 0.0315326 0.0187159 0.0276871 
155 0.025471 0.406622 0.207129 0.104083 0.0888377 0.0554495 0.0378127 0.0301812 0.0179138 0.0265005 
156 0.0153527 0.324511 0.178427 0.111334 0.122482 0.0688505 0.0590836 0.0564834 0.0241669 0.0393094 
157 0.0729546 0.265927 0.642584 0.00704301 0.00905065 0.00112394 0.000540356 0.000354917 0.000210294 0.000211857 
158 0.0473239 0.47861 0.185653 0.125544 0.0532068 0.0326759 0.0235833 0.0310896 0.00921338 0.0130992 
159 0.0461648 0.492261 0.189867 0.11863 0.0495931 0.030835 0.0218659 0.0156424 0.0089539 0.026186 
160 0.073252 0.618238 0.181209 0.0830813 0.0201469 0.0109523 0.00517628 0.00312029 0.00227712 0.00254665 
161 0.037655 0.267144 0.247172 0.353038 0.0490327 0.0137215 0.00970299 0.00723916 0.00979397 0.00550155 
162 0.0503732 0.911609 0.0294204 0.00493726 0.00152845 0.000981201 0.000472005 0.000310023 0.000183693 0.000185059 
163 0.0358746 0.73411 0.225491 0.00176623 0.00163964 0.000482574 0.000250927 0.00015126 0.000110386 0.000123452 
164 0.146527 0.708569 0.141197 0.00210893 0.00110036 0.000232607 0.000108546 7.1295e-05 4.22434e-05 4.25575e-05 
165 0.185665 0.166161 0.633889 0.00037383 0.00539994 0.000978856 0.00701787 0.000390157 0.000121446 2.12446e-06 
166 0.107185 0.84642 0.0383947 0.00542496 0.00123335 0.000617302 0.000296952 0.000195044 0.000115567 0.000116426 
167 0.0259688 0.460039 0.181786 0.0898582 0.0744909 0.0554494 0.0378127 0.0301812 0.0179138 0.0265005 
168 0.144894 0.797256 0.0343617 0.0111829 0.00469304 0.00325973 0.00171725 0.00103517 0.000755442 0.00084486 
169 0.21454 0.768873 0.0135864 0.00172602 0.000532351 0.000341748 0.000164397 0.00010798 6.39796e-05 6.44554e-05 
170 0.0969694 0.559532 0.156107 0.0687455 0.0639759 0.0231382 0.0117932 0.00841374 0.00467645 0.00664882 
171 0.110868 0.352862 0.214974 0.0992477 0.186134 0.0193031 0.00659051 0.00393551 0.00287204 0.00321199 
172 0.0347876 0.453424 0.194174 0.0805688 0.0775262 0.0486622 0.0330861 0.0264085 0.015813 0.0355494 
173 0.264412 0.717641 0.0154741 0.00143765 0.000432423 0.000277598 0.000133538 8.77106e-05 5.19699e-05 5.23564e-05 
174 0.126243 0.52269 0.188861 0.0719744 0.0381854 0.0277032 0.0100836 0.00560053 0.00408713 0.00457091 
175 0.0262196 0.386362 0.200676 0.0958556 0.10333 0.0587666 0.0518404 0.0312289 0.0184407 0.0272799 
176 0.0274297 0.404194 0.195231 0.0967704 0.080221 0.0597147 0.0407214 0.0325028 0.0194695 0.0437458 
177 0.116314 0.553524 0.316183 0.00814397 0.0037672 0.000951677 0.000457801 0.000300693 0.000178166 0.00017949 
178 0.109587 0.84596 0.0331463 0.0075206 0.00158128 0.00101512 0.000488321 0.000320739 0.000190043 0.000191456 
179 0.0794628 0.551639 0.262634 0.0516023 0.020847 0.0144801 0.0076282 0.00459833 0.00335575 0.00375296 
180 0.09396 0.610359 0.122473 0.132839 0.0279594 0.00573023 0.0026352 0.00158851 0.00115926 0.00129648 
181 0.134044 0.808859 0.0392037 0.0086031 0.00354286 0.00246083 0.00129638 0.000781469 0.000570298 0.000637802 
182 0.14223 0.85351 0.002486 0.00162075 7.85722e-05 2.87332e-05 2.28507e-05 7.52291e-06 8.48115e-06 7.08533e-06 
183 0.0702701 0.85887 0.063931 0.00508497 0.00117217 0.000309061 0.000148587 9.75953e-05 5.78268e-05 5.82568e-05 
184 0.0439275 0.459555 0.473242 0.0172108 0.0029477 0.00133481 0.000702889 0.000423706 0.000309211 0.000345811 
185 0.166923 0.352381 0.383424 0.0821825 0.00670999 0.00633585 0.000838127 0.000550421 0.000326133 0.000328559 
186 0.024543 0.400258 0.188649 0.151269 0.0743215 0.0531706 0.0362587 0.0289408 0.0171776 0.0254114 
187 0.0356259 0.384227 0.205552 0.220883 0.072246 0.0338839 0.0183057 0.0124788 0.00693586 0.00986117 
188 0.333976 0.665581 0.000285416 0.000142268 7.81324e-06 2.85718e-06 2.27223e-06 7.48066e-07 8.43351e-07 7.04553e-07 
189 0.25722 0.415896 0.190807 0.121828 0.00772788 0.0030009 0.00144358 0.000948171 0.000561807 0.000565984 
190 0.140362 0.627665 0.208178 0.0209233 0.00118767 0.000851246 0.000820807 3.89941e-06 4.22304e-06 3.52801e-06 
191 0.254978 0.726009 0.017739 0.000823953 0.000230734 8.43774e-05 6.7103e-05 2.20917e-05 2.49056e-05 2.08067e-05 
192 0.0454245 0.52876 0.175129 0.109554 0.0457117 0.0284323 0.020162 0.0144236 0.00977481 0.0226269 
193 0.217631 0.695751 0.0838902 0.00264588 4.18248e-05 1.52939e-05 1.21628e-05 4.00424e-06 4.51428e-06 3.77132e-06 
194 0.0959186 0.902156 0.00153659 0.000373092 8.28895e-06 3.02505e-06 2.40574e-06 7.92019e-07 8.92903e-07 7.4595e-07 
195 0.158083 0.375402 0.124889 0.0249463 0.00877257 0.297796 0.00904912 0.000506428 0.000262385 0.000293441 
196 0.331755 0.500778 0.146109 0.0195025 0.000831507 0.000686977 0.000140149 8.95858e-05 5.3081e-05 5.34757e-05 
197 0.0452524 0.86293 0.0814595 0.00596436 0.00167552 0.00116379 0.000613095 0.000369578 0.000269709 0.000301633 
198 0.172314 0.761798 0.0641268 0.00114105 0.000317453 0.00011609 9.23229e-05 3.03946e-05 3.42661e-05 2.86266e-05 
199 0.11893 0.720098 0.135357 0.0147381 0.00454198 0.00291577 0.00140263 0.000921273 0.000545869 0.000549928 
200 0.0317312 0.9352 0.0142829 0.00744832 0.00404199 0.00251642 0.00178446 0.00127657 0.00070953 0.00100879 
201 0.0962489 0.51119 0.214087 0.0711187 0.0393383 0.0256767 0.0108161 0.00799005 0.0170293 0.00650552 
202 0.216768 0.431601 0.248018 0.0932994 0.00571584 0.00213781 0.00100903 0.000662752 0.000392691 0.000395611 
203 0.0702892 0.341546 0.103228 0.435673 0.0234678 0.00989637 0.00911728 0.00266385 0.00194388 0.00217397 
204 0.0861935 0.817276 0.0654281 0.0150252 0.00613146 0.00425884 0.00224359 0.00135245 0.000986986 0.00110381 
205 0.0180307 0.849733 0.0608656 0.0282976 0.015356 0.00956019 0.00677938 0.00484984 0.0026956 0.00383251 
206 0.0591394 0.531522 0.167972 0.0859105 0.0713272 0.0294185 0.0204273 0.0146133 0.00812226 0.0115479 
207 0.0921239 0.574006 0.192269 0.067417 0.0282923 0.0196515 0.0103526 0.00624059 0.00455424 0.0050933 
208 0.128998 0.533455 0.215172 0.0582649 0.0244501 0.0169828 0.00894665 0.0053931 0.00393576 0.00440162 
209 0.0962489 0.525255 0.200704 0.0853411 0.029579 0.0354544 0.0108183 0.00652002 0.00475816 0.00532136 
210 0.0602168 0.628149 0.163053 0.05891 0.0319685 0.0199026 0.0141134 0.0100965 0.00561174 0.00797858 
211 0.0266109 0.392292 0.207785 0.106455 0.0897156 0.0597004 0.0395058 0.0315326 0.0187159 0.0276871 
212 0.17417 0.623563 0.156081 0.026522 0.0082105 0.00527081 0.00253551 0.00166538 0.000986763 0.0009941 
213 0.19362 0.551368 0.19959 0.0318264 0.0098526 0.00632497 0.00304262 0.00199845 0.00118412 0.00119292 
214 0.237048 0.557252 0.17076 0.0226695 0.00512408 0.00328898 0.00158216 0.0010392 0.00061574 0.000620319 
215 0.0765858 0.858573 0.0528593 0.00752249 0.00170671 0.00117875 0.000620976 0.000374328 0.000273176 0.000305511 
216 0.134075 0.375952 0.461447 0.0167284 0.0049263 0.00316249 0.00152131 0.000999227 0.000592058 0.00059646 
217 0.0859677 0.896424 0.013552 0.00213761 0.00113134 0.000362223 0.000174247 0.000114449 6.78127e-05 6.83169e-05 
218 0.0857104 0.565899 0.199697 0.0657457 0.0338988 0.0164411 0.0090721 0.0157728 0.00366452 0.00409806 
219 0.339933 0.464552 0.183545 0.003681 0.00787094 0.000209903 8.56519e-05 5.62579e-05 3.33337e-05 3.35816e-05 
220 0.0398997 0.53725 0.392955 0.0136981 0.00577536 0.00359488 0.00254922 0.00182367 0.00101362 0.00144112 
221 0.245513 0.748038 0.00496095 0.000573483 0.000893846 7.8777e-06 6.2386e-06 2.05387e-06 2.31549e-06 1.93441e-06 
222 0.0412168 0.45534 0.188173 0.187158 0.0456792 0.0284323 0.020162 0.0144236 0.00801678 0.011398 
223 0.209797 0.649928 0.121824 0.0107851 0.00352548 0.00177273 0.000933865 0.00056294 0.00041082 0.000459447 
224 0.122014 0.812265 0.0403184 0.0121896 0.00503934 0.00350026 0.00184397 0.00111155 0.000811186 0.000907203 
225 0.133309 0.502554 0.173582 0.111217 0.0381487 0.0176398 0.00929076 0.00560053 0.00408713 0.00457091 
226 0.0274297 0.404194 0.195231 0.0967704 0.080221 0.0597147 0.0430752 0.0453966 0.0194287 0.028539 
227 0.0254902 0.749908 0.142561 0.0332093 0.0174086 0.010838 0.00768553 0.00549809 0.0030559 0.00434477 
228 0.0169473 0.96447 0.0144032 0.0023999 0.000742945 0.000476941 0.000229432 0.000150695 8.92894e-05 8.99534e-05 
229 0.217645 0.771263 0.00923974 0.00119791 0.000335464 0.000122676 9.75611e-05 3.21191e-05 3.62103e-05 3.02508e-05 
230 0.0243902 0.72587 0.124018 0.0498465 0.0270503 0.0168406 0.0119421 0.00854318 0.0047484 0.00675111 
231 0.0274297 0.404194 0.195231 0.0967705 0.0956056 0.0597147 0.0407214 0.0325028 0.0192918 0.028539 
232 0.0811836 0.461321 0.348231 0.0747915 0.0235192 0.00368066 0.00441421 0.00112338 0.000819528 0.000916532 
233 0.0313418 0.751566 0.101377 0.0313162 0.0259421 0.0193107 0.0131686 0.0105108 0.00623863 0.00922902 
234 0.169027 0.676659 0.126154 0.0180707 0.00421328 0.00270476 0.00130112 0.000854602 0.000506365 0.00051013 
235 0.0966088 0.450415 0.216967 0.165685 0.0325284 0.0166821 0.00832964 0.00502116 0.00366433 0.00409806 
236 0.247646 0.711099 0.0230623 0.0176929 0.000256465 9.34993e-05 7.43574e-05 2.448e-05 2.75981e-05 2.3056e-05 
237 0.182672 0.59448 0.191798 0.0207111 0.00434299 0.00275922 0.00132732 0.000871809 0.00051656 0.000520402 
238 0.0274297 0.404194 0.195231 0.0977057 0.0946686 0.0597164 0.0407214 0.0325028 0.0192918 0.028539 
239 0.297593 0.689281 0.0127318 0.000257363 7.0283e-05 2.57019e-05 2.044e-05 6.72926e-06 7.58641e-06 6.33784e-06 
240 0.135103 0.446456 0.16799 0.190722 0.0193451 0.0227213 0.00696847 0.00420039 0.00306535 0.00342818 
241 0.128995 0.552827 0.282093 0.0332353 0.00121924 0.000750225 0.000360894 0.000237043 0.000140452 0.000141496 
242 0.173383 0.496585 0.200015 0.052514 0.0450646 0.0142512 0.00717504 0.00432516 0.0031564 0.00353001 
243 0.00952628 0.818294 0.119777 0.0229583 0.0104971 0.00653517 0.00463426 0.00331526 0.00184266 0.00261983 
244 0.187337 0.543085 0.165393 0.0656943 0.0146941 0.0101897 0.00536799 0.00323586 0.00236146 0.00264097 
245 0.280937 0.706688 0.0088902 0.00341133 4.21713e-05 1.20371e-05 9.5728e-06 3.15156e-06 3.55299e-06 2.96824e-06 
246 0.0446578 0.479814 0.203079 0.0913019 0.091703 0.0308807 0.0218659 0.0156424 0.00869425 0.0123612 
247 0.0384578 0.315655 0.274079 0.245066 0.0582536 0.0299873 0.0143762 0.0102835 0.00571566 0.00812633 
248 0.0222867 0.328409 0.320838 0.0791318 0.0782374 0.0727343 0.0330921 0.0264085 0.0156746 0.0231879 
249 0.083749 0.474344 0.186367 0.145931 0.0677864 0.0179672 0.00941142 0.00567326 0.00414021 0.00463027 
250 0.124661 0.556908 0.225802 0.0478557 0.0170799 0.0118587 0.00624723 0.00376587 0.00274825 0.00307354 
251 0.0895649 0.479525 0.279209 0.0670836 0.0399963 0.0191091 0.010065 0.00606724 0.00442773 0.00495182 
252 0.0696185 0.359312 0.431994 0.0658605 0.0319982 0.0142166 0.010081 0.00721178 0.00400839 0.00569899 
253 0.0682581 0.628978 0.130723 0.068211 0.0370161 0.0230451 0.0163419 0.0116907 0.00649781 0.00923836 
254 0.104724 0.48177 0.204219 0.107977 0.0311645 0.0335682 0.0209128 0.00615269 0.00449009 0.00502156 
255 0.0681969 0.34262 0.366152 0.149107 0.0269075 0.0162169 0.0114998 0.00822677 0.00457253 0.00650107 
256 0.115394 0.330059 0.299131 0.204262 0.0245055 0.0150223 0.00458665 0.00276482 0.0020177 0.00225653 
257 0.178605 0.699698 0.0972727 0.0141304 0.00429811 0.00275922 0.00132732 0.000871809 0.00051656 0.000520402 
258 0.0466282 0.530214 0.182807 0.0952948 0.0517137 0.0321954 0.0228306 0.0163326 0.00907782 0.0129065 
259 0.121267 0.441467 0.301648 0.10191 0.0180374 0.00671105 0.00353502 0.00213093 0.0015551 0.00173918 
260 0.0487801 0.493339 0.206437 0.0996931 0.0541005 0.0336813 0.0238843 0.0170864 0.0094968 0.0135022 
261 0.251001 0.461549 0.101309 0.097922 0.0697548 0.00850179 0.00560282 0.00174166 0.00123565 0.0013819 
262 0.229075 0.615054 0.148617 0.00707683 9.09425e-05 3.30734e-05 2.63023e-05 8.65926e-06 9.76224e-06 8.15558e-06 
263 0.303674 0.55335 0.114127 0.019072 0.0040872 0.00261862 0.00125968 0.000827385 0.000490239 0.000493884 
264 0.426976 0.520503 0.0497019 0.0026134 0.000105587 3.86102e-05 3.07056e-05 1.01089e-05 1.13965e-05 9.52091e-06 
265 0.0936587 0.526488 0.195065 0.0843415 0.0358584 0.0415834 0.00910277 0.00546051 0.00398496 0.00445664 
266 0.353196 0.460694 0.161794 0.0132257 0.00879358 0.00105727 0.000508406 0.000333932 0.00019786 0.000199331 
267 0.0625924 0.769714 0.10205 0.031253 0.0131156 0.00910996 0.0047992 0.00289299 0.00211123 0.00236113 
268 0.0324423 0.750333 0.143741 0.0316879 0.0149006 0.00927663 0.0065783 0.00470599 0.00261564 0.00371883 
269 0.105346 0.70211 0.136435 0.0349917 0.0101528 0.0046949 0.00247331 0.00149092 0.00108804 0.00121683 
270 0.0318379 0.74084 0.102559 0.049466 0.0268438 0.0167121 0.011851 0.00847797 0.00471215 0.00669957 
271 0.0198662 0.636397 0.308003 0.0234439 0.00469552 0.00325202 0.00171319 0.00103272 0.000753656 0.000842863 
272 0.0348429 0.379809 0.375597 0.0877553 0.0521568 0.0241467 0.0170602 0.0122045 0.00678343 0.00964444 
273 0.140251 0.6838 0.108952 0.0290027 0.0121514 0.014573 0.00444588 0.00268001 0.00195581 0.00218731 
274 0.196874 0.531263 0.205146 0.0302166 0.0230911 0.00642063 0.00286623 0.0018826 0.00111547 0.00112377 
275 0.0510629 0.676653 0.226171 0.0225087 0.0090021 0.00625275 0.003294 0.00198564 0.00144908 0.0016206 
276 0.0977072 0.518062 0.203759 0.086629 0.0301158 0.0325767 0.0142994 0.0066188 0.00483025 0.00540199 
277 0.0368646 0.687453 0.153071 0.0637263 0.0273456 0.0109553 0.00768553 0.00549809 0.0030559 0.00434477 
278 0.126105 0.334016 0.291669 0.222134 0.0115343 0.00335811 0.00887734 0.00112644 0.000587538 0.000591907 
279 0.113418 0.476321 0.182456 0.116954 0.0291429 0.044424 0.0204307 0.0077281 0.00430806 0.00481799 
280 0.129781 0.647806 0.17969 0.0269114 0.00660226 0.00423838 0.00203887 0.00133917 0.000793479 0.00079938 
281 0.33382 0.613008 0.0383856 0.0137137 0.000550005 0.000201132 0.000159955 5.26604e-05 5.9368e-05 4.95973e-05 
282 0.167683 0.297338 0.448209 0.0765965 0.00582758 0.00223119 0.000867413 0.000569734 0.000337577 0.000340087 
283 0.233756 0.691488 0.0730517 0.000194892 0.00147476 1.32789e-05 1.03507e-05 3.40767e-06 3.84172e-06 3.20945e-06 
284 0.0685241 0.817501 0.08896 0.0112453 0.00891454 0.00223438 0.00107484 0.000705975 0.000418302 0.000421412 
285 0.133116 0.642664 0.199034 0.0122356 0.0106024 0.00110849 0.000508406 0.000333932 0.00019786 0.000199331 
286 0.169384 0.775393 0.0436429 0.00551397 0.00231362 0.00160701 0.000846588 0.000510328 0.000372426 0.000416508 
287 0.253766 0.566826 0.129064 0.0239836 0.0100531 0.00698277 0.00367857 0.00221747 0.00161826 0.0018098 
288 0.128559 0.522226 0.195791 0.0612066 0.0253972 0.0302503 0.0223107 0.00560053 0.00408714 0.00457091 
289 0.122733 0.786599 0.0794644 0.00530867 0.00374737 0.000989059 0.000475409 0.000312258 0.000185018 0.000186394 
290 0.0646394 0.800367 0.127548 0.00541149 0.000858805 0.000540951 0.000260224 0.00017092 0.000101273 0.000102026 
291 0.0573234 0.266562 0.391793 0.0952502 0.0748853 0.0377925 0.0256979 0.0205115 0.0121744 0.01801 
292 0.0880634 0.612897 0.216407 0.0393589 0.0165038 0.0114634 0.00603899 0.00364034 0.00265664 0.00297109 
293 0.247998 0.67531 0.0678234 0.00645948 0.00100694 0.000645405 0.000310471 0.000203924 0.000120828 0.000121727 
294 0.0645199 0.490001 0.235659 0.103453 0.0395528 0.0230451 0.0163419 0.0116907 0.00649781 0.00923836 
295 0.104912 0.53802 0.203406 0.079357 0.0290593 0.0193747 0.0102067 0.00615269 0.00449009 0.00502157 
296 0.0992104 0.526032 0.206879 0.0879874 0.0304686 0.0211632 0.0111489 0.00672063 0.00490456 0.00548509 
297 0.179991 0.510434 0.26538 0.0251725 0.0114576 0.00361283 0.00162107 0.00106475 0.000630881 0.000635572 
298 0.19362 0.548397 0.187177 0.0318264 0.00985957 0.0217026 0.00304262 0.00199845 0.00118412 0.00119292 
299 0.0158238 0.112494 0.823165 0.0178925 0.0141359 0.00568844 0.00403241 0.00288471 0.00160335 0.00227959 
300 0.22896 0.490186 0.21134 0.0509417 0.0114836 0.00326289 0.0015696 0.00103095 0.000610853 0.000615395 
301 0.119453 0.485972 0.334774 0.0366359 0.0101055 0.0055927 0.00294585 0.00177578 0.00129592 0.00144931 
302 0.228049 0.591613 0.11937 0.0389107 0.0119393 0.00162471 0.00730506 0.000650202 0.000268179 0.000270174 
303 0.384313 0.566867 0.0184451 0.0151654 0.000895998 0.00023695 0.00018844 6.20383e-05 7.94717e-05 0.0137473 
304 0.0395415 0.841556 0.0550593 0.0253129 0.0137365 0.00855189 0.00606437 0.00433833 0.0024113 0.0034283 
305 0.172277 0.50641 0.185739 0.0543979 0.0333077 0.0156319 0.00823499 0.00572989 0.0141355 0.00413655 
306 0.125776 0.852824 0.0175946 0.00221853 0.000662274 0.000425153 0.000204519 0.000134332 7.95941e-05 8.01859e-05 
307 0.431786 0.369471 0.198344 0.00028461 5.86127e-05 2.14342e-05 1.7046e-05 5.61189e-06 6.32671e-06 5.28546e-06 
308 0.00881375 0.807342 0.0692897 0.0309857 0.0256865 0.0191205 0.0130389 0.0104073 0.00617717 0.00913809 
309 0.127988 0.640282 0.18038 0.010502 0.00282447 0.0370198 0.0004862 0.000236181 0.000139941 0.000140982 
310 0.0962489 0.51033 0.200703 0.0704357 0.0295591 0.0205314 0.0109675 0.0503842 0.00551865 0.00532136 
311 0.0651975 0.620201 0.255163 0.0429001 0.00630787 0.00438091 0.00230789 0.00139121 0.00101528 0.00113545 
312 0.0158315 0.960184 0.0138491 0.00482535 0.00202501 0.00140655 0.00074098 0.000446668 0.000325968 0.000364551 
313 0.128202 0.56011 0.266904 0.0305828 0.00593012 0.0038067 0.00183121 0.00120277 0.000712662 0.000717961 
314 0.248996 0.59227 0.128787 0.0161694 0.00797766 0.00268966 0.00127594 0.000838061 0.000496564 0.000500257 
315 0.0453037 0.590383 0.33007 0.0216324 0.00654548 0.0026709 0.00133952 0.00080747 0.000589273 0.000659023 
316 0.171589 0.449462 0.176275 0.0769037 0.0489131 0.0296136 0.0213537 0.00314069 0.0218794 0.000869617 
317 0.046628 0.473485 0.1948 0.125602 0.0661146 0.0322228 0.0228306 0.0163325 0.00907782 0.0129065 
318 0.0816688 0.511681 0.182462 0.0703512 0.108256 0.0152715 0.0183485 0.00469934 0.00342792 0.00383367 
319 0.196772 0.428416 0.364255 0.00750052 0.00261195 0.000205127 9.83442e-05 6.45945e-05 3.82733e-05 3.85579e-05 
320 0.182396 0.531351 0.205057 0.0316247 0.0366259 0.00595831 0.00286623 0.0018826 0.00111547 0.00112377 
321 0.0359557 0.454213 0.305379 0.118576 0.0306821 0.0190373 0.0134998 0.00965751 0.00536775 0.00763169 
322 0.144883 0.565693 0.163628 0.0647014 0.0233014 0.0161836 0.00852564 0.00513931 0.00375055 0.00419448 
323 0.170641 0.372639 0.292833 0.116595 0.0180886 0.0125055 0.00658799 0.00397128 0.00289815 0.00324119 
324 0.0266109 0.392128 0.189403 0.0940908 0.10714 0.0582605 0.0415046 0.0440956 0.0190794 0.0276871 
325 0.0487801 0.493337 0.191054 0.099693 0.0541005 0.0336813 0.0238843 0.0170864 0.00983182 0.0285518 
326 0.250326 0.658712 0.0823606 0.0080091 0.000304484 0.000110881 8.81802e-05 2.90307e-05 3.27285e-05 2.73421e-05 
327 0.142576 0.740657 0.0919229 0.014267 0.00441668 0.00283533 0.00136393 0.000895858 0.00053081 0.000534757 
328 0.345708 0.588372 0.014995 0.0327165 0.00914888 0.00881451 0.0001258 3.87076e-05 4.3638e-05 3.64561e-05 
329 0.171921 0.823509 0.00381691 0.00048676 0.000136313 4.98483e-05 3.9643e-05 1.30513e-05 1.47137e-05 1.22921e-05 
330 0.181139 0.501804 0.18984 0.0701375 0.0310285 0.0196207 0.00263833 0.00173199 0.00102623 0.00103386 
331 0.316297 0.3391 0.100844 0.0234812 0.201593 0.0153578 0.00136427 0.000895858 0.00053081 0.000534757 
332 0.116559 0.554224 0.170787 0.0696282 0.0247109 0.039053 0.011307 0.0053931 0.00393576 0.00440162 
333 0.063535 0.424402 0.232148 0.216616 0.032498 0.0133071 0.0069017 0.00416039 0.00303616 0.00339553 
334 0.353105 0.460864 0.181391 0.00436088 0.000143565 5.22579e-05 4.15593e-05 1.36822e-05 1.54249e-05 1.28863e-05 
335 0.0816879 0.22193 0.669851 0.0102318 0.0121641 0.00190338 0.000915602 0.000601386 0.000356331 0.000358981 
336 0.0440376 0.498151 0.188224 0.0946239 0.0590128 0.0334518 0.0320294 0.0158172 0.00916836 0.0254835 
337 0.299527 0.488734 0.209925 0.00174917 3.33175e-05 1.213e-05 9.64665e-06 3.17587e-06 3.5804e-06 2.99114e-06 
338 0.354399 0.566475 0.0277847 0.00691068 0.0187523 0.0034711 0.0220308 6.34106e-05 6.15139e-05 5.139e-05 
339 0.0616635 0.428395 0.218047 0.111397 0.113448 0.0237374 0.0161716 0.0115689 0.00643012 0.00914212 
340 0.0880857 0.324337 0.533569 0.0254689 0.0100057 0.010063 0.00334492 0.00201309 0.00146911 0.001643 
341 0.049236 0.406363 0.199713 0.23323 0.0510071 0.0208503 0.0147855 0.0105773 0.00587897 0.00835851 
342 0.700786 0.293782 0.00524107 2.6657e-05 8.25277e-05 0 8.2019e-05 0 0 0 
343 0.0258396 0.380762 0.185694 0.103894 0.101092 0.0726547 0.0399014 0.0451039 0.0181734 0.0268845 
344 0.204826 0.59445 0.153504 0.033115 0.00783165 0.00462659 0.000685658 0.00043885 0.000260025 0.000261959 
345 0.145928 0.836535 0.0166004 0.000605486 0.000169536 6.19978e-05 4.93051e-05 1.62322e-05 1.82998e-05 1.5288e-05 
346 0.0908264 0.496574 0.232828 0.106629 0.0278969 0.0193747 0.0102067 0.00615269 0.00449009 0.00502157 
347 0.0684663 0.534408 0.233776 0.0740021 0.0370574 0.0165497 0.0143167 0.00512532 0.0126661 0.00363241 
348 0.12033 0.602551 0.162579 0.0473114 0.0353438 0.0142226 0.00696807 0.0042004 0.00306535 0.00342818 
349 0.0452964 0.512427 0.194868 0.106374 0.0503591 0.0312755 0.0221783 0.0158659 0.00881845 0.0125378 
350 0.0847424 0.587746 0.290209 0.0315601 0.00243348 0.00152268 0.000732482 0.000481109 0.000285065 0.000287184 
351 0.123877 0.563789 0.213407 0.0567053 0.0161047 0.0111838 0.0058917 0.00355155 0.00259184 0.00289863 
352 0.384465 0.566035 0.0180953 0.00234591 0.000656951 0.000240241 0.000191057 6.28999e-05 7.30556e-05 0.0278349 
353 0.19651 0.532317 0.228286 0.0246297 0.00762403 0.00489432 0.00235441 0.00154642 0.00091628 0.000923093 
354 0.101567 0.552103 0.196849 0.0646464 0.0279008 0.031663 0.0100354 0.00598412 0.00436708 0.00488399 
355 0.160221 0.563764 0.186799 0.0612258 0.0186528 0.00436684 0.00203887 0.00133917 0.000793479 0.00079938 
356 0.0274297 0.404194 0.195231 0.0981109 0.0942507 0.0597291 0.0407214 0.0325028 0.0192918 0.028539 
357 0.107051 0.448532 0.313279 0.0816816 0.018862 0.013101 0.0069017 0.00416039 0.00303616 0.00339553 
358 0.189198 0.562786 0.192827 0.0439657 0.00549714 0.0026354 0.00126776 0.000832689 0.000493381 0.00049705 
359 0.148486 0.586946 0.134651 0.0540509 0.045843 0.0128561 0.0067727 0.00408263 0.00297941 0.00333207 
360 0.0731198 0.384602 0.400679 0.0732726 0.023992 0.0241493 0.0079636 0.00480045 0.00350326 0.00391792 
361 0.171499 0.594989 0.16791 0.0475584 0.00753441 0.00483674 0.00232671 0.00152823 0.0009055 0.000912233 
362 0.0563666 0.514787 0.194469 0.0875688 0.0475207 0.0295849 0.0209794 0.0172704 0.0195932 0.0118601 
363 0.108358 0.546551 0.182301 0.0899319 0.0232997 0.0164645 0.0199448 0.00520391 0.00375055 0.00419448 
364 0.145441 0.510978 0.217377 0.0604715 0.0250691 0.0174127 0.00917315 0.00552963 0.0040354 0.00451305 
365 0.18056 0.780106 0.0310134 0.00478672 0.00147562 0.000947288 0.000455692 0.000299307 0.000177344 0.000178663 
366 0.0270141 0.39807 0.193407 0.110779 0.0926996 0.0588099 0.0401044 0.0320103 0.0189995 0.0281066 
367 0.348632 0.650192 0.00101851 0.000101628 2.84599e-05 1.04076e-05 8.27684e-06 2.7249e-06 3.07199e-06 2.5664e-06 
368 0.355763 0.464182 0.156048 0.00745641 0.0164309 4.62318e-05 3.65854e-05 1.20447e-05 1.35789e-05 1.13441e-05 
369 0.181737 0.640813 0.165941 0.00435656 0.00140037 0.00477652 0.000400666 0.000262954 0.000155805 0.000156963 
370 0.166494 0.319342 0.469985 0.0256526 0.00965206 0.00380011 0.00200188 0.00120674 0.000880653 0.000984892 
371 0.164103 0.647662 0.0773063 0.0112922 0.00881911 0.00758053 0.00129194 0.0303894 0.0511393 0.000416885 
372 0.0358872 0.336534 0.438532 0.109684 0.0418524 0.0133371 0.00902603 0.00645706 0.00358891 0.00510258 
373 0.309177 0.557093 0.114474 0.0089145 0.0029703 0.00538515 0.000825409 0.000530202 0.000314153 0.000316489 
374 0.229639 0.469636 0.214069 0.0646915 0.0178215 0.00195076 0.000898955 0.000590452 0.000349852 0.000352454 
