2 0.271366 0.709338 0.0100522 0.00678555 0.00115201 0.000422769 0.000268425 0.000164326 0.00012547 0.000325428 
3 0.697937 0.301641 0.000395037 1.4585e-05 4.59466e-06 3.20528e-06 1.34498e-06 7.6069e-07 8.2373e-07 1.87558e-06 
4 0.996098 0.000749878 0.00101025 0.00179034 5.15592e-05 0.000274499 1.46901e-05 1.04415e-05 0 2.188e-07 
5 0.214233 0.650392 0.070166 0.0205148 0.0114583 0.0061426 0.0171772 0.00274049 0.00203647 0.00513964 
6 0.986273 0.0133472 0.000141024 0.000237194 6.87623e-07 1.66711e-07 0 0 0 0 
7 0.105087 0.871006 0.0136912 0.00400038 0.00223437 0.00119466 0.000852706 0.000534393 0.000397112 0.00100223 
8 0.790634 0.209227 3.28222e-05 9.99245e-05 4.5344e-06 5.98095e-07 2.50707e-07 1.41794e-07 1.53545e-07 3.49612e-07 
9 0.102196 0.86516 0.0186009 0.0054988 0.00307129 0.00164214 0.0011721 0.000734561 0.000545859 0.00137764 
10 0.996945 0.000476027 0.00199234 0.000504349 1.70867e-05 4.91247e-05 1.75927e-07 0 1.57953e-05 0 
11 0.136699 0.862726 0.000132546 0.000425788 6.07558e-06 4.23824e-06 1.77842e-06 1.00583e-06 1.08919e-06 2.48002e-06 
12 0.328497 0.665445 0.00495377 0.000383385 0.000269689 0.000145912 9.26423e-05 5.67144e-05 4.33039e-05 0.000112316 
13 0.226379 0.649849 0.101546 0.00871289 0.00485732 0.00259709 0.00185371 0.00116172 0.000863288 0.00217876 
14 0.0795288 0.917942 0.000745275 0.00136025 0.000156635 7.78811e-05 6.17309e-05 3.91376e-05 2.41789e-05 6.37779e-05 
15 0.0674523 0.932042 0.00025784 0.000193502 2.02153e-05 1.09371e-05 6.94421e-06 4.25116e-06 3.24595e-06 8.41888e-06 
16 0.12867 0.821515 0.0233277 0.0135392 0.00465493 0.00248888 0.00177647 0.00111332 0.000827317 0.00208798 
17 0.489974 0.509085 0.000196764 0.000653578 8.96581e-05 4.96811e-07 2.49324e-07 2.39787e-07 1.92265e-07 1.92273e-07 
18 0.98707 0.000934528 0.00810253 0.00182955 0.000893689 0.000238578 0.000683127 0 6.42822e-07 0.000247181 
19 0.877692 0.121688 0.000539557 3.93051e-05 2.21291e-05 6.61152e-06 3.54704e-06 3.41137e-06 2.73528e-06 2.73539e-06 
20 0.364825 0.631193 0.00299257 0.000343829 0.000241864 0.000130857 8.30839e-05 5.08629e-05 3.88361e-05 0.000100728 
21 0.192065 0.803357 0.00345471 0.000390293 0.000274549 0.000148541 9.43115e-05 5.77363e-05 4.40842e-05 0.000114339 
22 0.870784 0.125777 0.00255803 7.17857e-05 0.000802306 2.35584e-06 1.17682e-06 1.13181e-06 9.075e-07 9.07536e-07 
23 0.189236 0.748531 0.030122 0.00880567 0.0136588 0.00314234 0.00198341 0.00113941 0.000871634 0.00250944 
24 0.787583 0.201343 0.0062388 0.00321141 0.00058894 0.000337076 0.000212759 0.000122224 9.34997e-05 0.000269187 
25 0.180179 0.645723 0.0701447 0.0425769 0.0280728 0.0086922 0.00941378 0.00544174 0.00110865 0.00864714 
26 0.414631 0.531288 0.0263133 0.01538 0.00312603 0.00162488 0.00102561 0.000589183 0.000450909 0.00557092 
27 0.988258 0.00123871 0.0104563 4.26568e-05 2.28716e-06 6.26529e-07 9.51011e-07 0 1.09178e-07 3.24049e-07 
28 0.11549 0.862752 0.0134433 0.00306925 0.00188234 0.00109574 0.00069162 0.000397316 0.000303942 0.000875051 
29 0.492885 0.505093 0.00130935 0.000509411 7.62832e-05 4.12716e-05 2.62042e-05 1.60419e-05 1.22487e-05 3.17689e-05 
30 0.390996 0.604213 0.00278024 0.000423113 0.000571543 0.000704408 0.000104518 6.36823e-05 3.93424e-05 0.000103776 
31 0.368715 0.583324 0.0243859 0.00417007 0.00764737 0.0104575 0.000395052 0.000241839 0.000184655 0.000478931 
32 0.993956 0.000371934 0.00409174 0.00101489 0.000245404 0.000230013 3.65863e-06 0 8.60718e-05 2.59656e-07 
33 0.139518 0.857715 0.00163397 0.000131032 9.22942e-05 0.000791377 4.5826e-05 1.93763e-05 1.47947e-05 3.83724e-05 
34 0.0547348 0.942696 0.0013454 0.000465799 0.000280537 0.000139509 0.000110579 7.01072e-05 4.33116e-05 0.000114245 
35 0.973901 0.0253138 0.000166804 0.000457948 0.000154737 5.12307e-06 2.30851e-07 2.22022e-07 1.7802e-07 1.78027e-07 
36 0.0600819 0.915098 0.0129758 0.00463812 0.00259057 0.00138511 0.000988645 0.000619586 0.00046042 0.00116201 
37 0.869832 0.128542 0.000692929 0.000791258 4.72391e-05 9.00996e-05 1.13885e-06 6.44072e-07 6.97448e-07 1.58804e-06 
38 0.12452 0.874147 0.0007365 0.000554162 1.5551e-05 1.08485e-05 4.55218e-06 2.57461e-06 2.78798e-06 6.34805e-06 
39 0.180638 0.664731 0.0747983 0.0469962 0.0118833 0.00628769 0.00448793 0.0028126 0.00209007 0.0052749 
40 0.240658 0.664962 0.0717741 0.0148616 0.0028649 0.00142468 0.00112924 0.000715944 0.000442304 0.00116669 
41 0.131092 0.824073 0.0295688 0.00563515 0.00345594 0.00201176 0.0012698 0.000729465 0.00055803 0.00160657 
42 0.52185 0.46064 0.0087206 0.00464739 0.0011932 0.000543645 0.000388344 0.00137975 0.000181495 0.000456078 
43 0.199448 0.555875 0.119114 0.0391849 0.0201544 0.0174006 0.0115185 0.00469893 0.00490033 0.0277056 
44 0.416512 0.530323 0.0271531 0.0170975 0.00329801 0.00164004 0.00129994 0.000824168 0.000509164 0.00134305 
45 0.155753 0.752616 0.0500627 0.0158137 0.00815096 0.0047914 0.00394049 0.0020378 0.00151817 0.00531582 
46 0.283835 0.656599 0.0357603 0.00501104 0.00301727 0.00150046 0.00118931 0.000757966 0.010412 0.00191695 
47 0.165517 0.665321 0.0770354 0.0291945 0.0150635 0.0242147 0.00727475 0.0037621 0.00280277 0.00981383 
48 0.389452 0.605373 0.00210343 0.00196728 0.000411496 0.000202068 0.000160165 0.000101545 6.27337e-05 0.000165476 
49 0.26662 0.715137 0.0110052 0.00475625 0.00091788 0.00045645 0.000361796 0.00022938 0.000141709 0.000373793 
50 0.286273 0.687093 0.0132501 0.0104757 0.00108839 0.000588857 0.000373878 0.000228883 0.000174762 0.000453274 
51 0.127899 0.871947 5.46616e-05 7.99727e-06 7.88059e-05 9.92813e-06 7.57111e-07 4.17359e-07 4.51947e-07 1.02905e-06 
52 0.73935 0.260284 0.000149653 0.000187546 1.0762e-05 5.821e-06 3.69587e-06 2.26257e-06 1.72757e-06 4.48072e-06 
53 0.932692 0.0671428 4.51191e-05 0.000116125 1.95195e-06 5.8181e-07 3.12137e-07 3.00198e-07 2.40704e-07 2.40713e-07 
54 0.903321 0.0714249 0.0251596 5.13798e-05 1.57563e-05 1.09917e-05 4.61228e-06 2.6086e-06 2.82478e-06 6.43185e-06 
55 0.105877 0.86706 0.0167291 0.00549287 0.00173716 0.00101123 0.000638277 0.000366672 0.000280499 0.00080756 
56 0.171974 0.718465 0.0419127 0.0122503 0.0171155 0.0177426 0.00275855 0.0015847 0.00311352 0.0130831 
57 0.313399 0.670739 0.00688794 0.00674585 0.000832122 0.000407639 0.000323107 0.000204851 0.000126555 0.000333821 
58 0.673071 0.32001 0.00492338 0.000759575 0.000457456 0.000227489 0.000180314 0.00011432 7.06259e-05 0.000186294 
59 0.253707 0.745277 0.000218252 0.000512256 7.87685e-06 0.000260638 1.0936e-05 1.30326e-06 1.41127e-06 3.21337e-06 
60 0.152976 0.701724 0.0638344 0.0378706 0.0146559 0.00998742 0.006042 0.00455733 0.00186764 0.00648437 
61 0.422133 0.564808 0.00977548 0.00114007 0.000801971 0.000433895 0.000275489 0.000168651 0.000128772 0.000333991 
62 0.199407 0.537138 0.128793 0.0420244 0.0216149 0.0186615 0.0123548 0.0195306 0.00516949 0.0153064 
63 0.300286 0.6588 0.0264886 0.00551095 0.00329794 0.00164004 0.00129994 0.000824168 0.000509164 0.00134305 
64 0.457258 0.485776 0.0212668 0.00252307 0.0159796 0.000942178 0.000605695 0.0146444 0.000279701 0.000725238 
65 0.21509 0.682115 0.0472635 0.00861588 0.036321 0.00424763 0.00193542 0.00111185 0.000850546 0.00244873 
66 0.174692 0.720917 0.0572995 0.0243172 0.00818449 0.00475278 0.0029999 0.00172336 0.00131835 0.00379553 
67 0.374272 0.55939 0.0194166 0.00689789 0.0185272 0.00204723 0.00162022 0.00102815 0.0151264 0.00167397 
68 0.210042 0.63774 0.108357 0.0140035 0.00734108 0.0112633 0.00348276 0.00178494 0.00132978 0.0046562 
69 0.0941304 0.848728 0.0267452 0.00963272 0.00496505 0.00291862 0.0024003 0.0012413 0.000965036 0.00827386 
70 0.846541 0.153018 0.00018288 0.000240569 1.46456e-05 7.1753e-07 1.08914e-06 0 1.25036e-07 3.71115e-07 
71 0.946649 0.0527051 0.000502706 4.96674e-05 3.49382e-05 1.89028e-05 1.20018e-05 7.34734e-06 5.61001e-06 1.45505e-05 
72 0.787779 0.210135 0.00157065 0.000179204 0.000126059 6.82027e-05 4.33033e-05 2.65097e-05 2.02413e-05 5.24991e-05 
73 0.995256 0.00173534 0.000797286 0.00220385 4.58871e-06 7.93105e-07 1.20386e-06 0 1.38206e-07 4.10204e-07 
74 0.108795 0.847104 0.0254466 0.00901504 0.00305821 0.00179118 0.00147308 0.000761795 0.000567539 0.00198722 
75 0.376662 0.61482 0.00563379 0.00109773 0.000661126 0.000328772 0.000260594 0.000165218 0.00010207 0.000269236 
76 0.831475 0.168151 0.000282248 3.18489e-05 2.24039e-05 1.21213e-05 7.69606e-06 4.71143e-06 3.59738e-06 9.33039e-06 
77 0.527988 0.208196 0.25787 0.000160961 0.00524638 0.000512204 1.04076e-05 4.38804e-06 3.35046e-06 8.68995e-06 
78 0.952237 0.0381552 0.00920736 0.000394082 3.20993e-06 9.5888e-07 5.14433e-07 4.94757e-07 3.96703e-07 3.96719e-07 
79 0.969279 0.0300849 0.000176317 0.000372828 3.26141e-05 1.59262e-05 1.26236e-05 8.00338e-06 4.94442e-06 1.30422e-05 
80 0.893119 0.106082 0.000788916 5.41072e-06 2.7446e-06 8.20006e-07 4.39928e-07 4.23101e-07 3.39249e-07 3.39262e-07 
81 0.985818 0.0101922 0.00127809 0.00205794 1.34495e-05 3.25573e-06 1.74668e-06 1.67987e-06 1.35004e-06 0.00063186 
82 0.11464 0.732855 0.0743505 0.0209685 0.0258245 0.0131062 0.00698282 0.00403625 0.000822307 0.00641377 
83 0.134831 0.702003 0.0945454 0.0285176 0.00958936 0.00564155 0.0144352 0.00239743 0.00178608 0.00625391 
84 0.633984 0.363133 0.00262423 0.000138816 4.37572e-05 3.05255e-05 1.28089e-05 7.24442e-06 7.84479e-06 1.78621e-05 
85 0.929089 0.0705081 0.00012266 0.000204324 7.17502e-05 1.36083e-06 7.29777e-07 7.01864e-07 5.62765e-07 5.62787e-07 
86 0.098643 0.831518 0.0371876 0.0122759 0.00684956 0.00466803 0.00282398 0.00213006 0.000872918 0.00303074 
87 0.179226 0.814018 0.00350747 0.00123602 0.000744417 0.000370192 0.000293425 0.000186032 0.000114929 0.000303155 
88 0.132193 0.629516 0.135056 0.0462437 0.0220203 0.00811189 0.0148974 0.00274762 0.00204697 0.0071674 
89 0.142975 0.84795 0.00339614 0.00119552 0.00325572 0.000359893 0.000283744 0.000179894 0.000111137 0.000293153 
90 0.240375 0.660955 0.0744903 0.00946842 0.00528844 0.0028276 0.00201824 0.00126484 0.000939911 0.00237214 
91 0.216458 0.642964 0.0657794 0.0235316 0.0131433 0.00702742 0.00501592 0.00314349 0.00342185 0.0195155 
92 0.198378 0.700155 0.0535642 0.027952 0.00721123 0.00382291 0.00272866 0.00171006 0.00127076 0.00320714 
93 0.1321 0.625859 0.184588 0.0185263 0.0103305 0.00704031 0.00425911 0.00341299 0.00859046 0.0052933 
94 0.301713 0.615762 0.0238716 0.0475537 0.00398277 0.00231843 0.00146337 0.000840664 0.000643096 0.00185148 
95 0.590318 0.409163 0.000449527 3.75681e-05 1.18422e-05 8.26126e-06 3.46653e-06 1.96059e-06 2.12307e-06 4.8341e-06 
96 0.752793 0.240694 0.00322943 0.00305122 9.62642e-05 3.96523e-05 3.14296e-05 1.99265e-05 1.23104e-05 3.24718e-05 
97 0.291718 0.644716 0.0401049 0.0112212 0.00860794 0.00106073 0.000840564 0.00053292 0.000329234 0.000868437 
98 0.300013 0.644981 0.029782 0.00987748 0.00551695 0.00294978 0.00210545 0.00131949 0.000980525 0.00247464 
99 0.173773 0.823249 0.00232962 0.000348057 0.000109715 7.65381e-05 3.21164e-05 1.81643e-05 1.96696e-05 4.47865e-05 
100 0.857377 0.141089 0.00131297 0.000108089 6.0855e-05 1.81817e-05 9.75434e-06 9.38125e-06 7.52203e-06 7.52233e-06 
101 0.111373 0.84226 0.0240171 0.00781585 0.00402002 0.00347074 0.00229749 0.000937253 0.00096144 0.00284675 
102 0.642145 0.335843 0.00736435 0.0106998 0.000108959 7.59795e-05 3.1882e-05 1.80317e-05 1.95305e-05 0.00369409 
103 0.932472 0.0666965 0.000593868 5.29751e-05 0.000149835 1.30164e-05 6.57778e-06 4.02684e-06 3.07466e-06 7.97463e-06 
104 0.103569 0.890535 0.00391967 0.000541886 0.000840707 0.00019341 0.000122071 7.01265e-05 5.36458e-05 0.000154447 
105 0.450361 0.528004 0.0118382 0.00118014 0.00728496 0.00043125 0.000273688 0.000167549 0.000127931 0.000331808 
106 0.0653485 0.70333 0.0790835 0.0409689 0.0441752 0.0120452 0.0145998 0.00756065 0.00504098 0.0278472 
107 0.372479 0.520621 0.0457978 0.0308807 0.0152967 0.0113135 0.00128635 0.000715944 0.000442304 0.00116669 
108 0.0758251 0.650424 0.161446 0.046423 0.0300168 0.00936083 0.0101379 0.00586033 0.00119393 0.0093123 
109 0.59098 0.39443 0.0107267 0.00045291 0.00288522 0.000170011 0.000107923 6.60694e-05 5.04469e-05 0.000130842 
110 0.42368 0.555922 0.0110302 0.00433978 0.00170083 0.00114829 0.000694668 0.000523972 0.000214728 0.00074553 
111 0.693576 0.277442 0.00654469 0.0215939 0.000307655 0.000214622 9.00584e-05 5.0935e-05 5.51561e-05 0.000125587 
112 0.173164 0.629492 0.171984 0.00953007 0.00567977 0.00330628 0.00208689 0.00119886 0.000917111 0.00264037 
113 0.141142 0.561508 0.183417 0.0537919 0.0169309 0.0225802 0.00657747 0.00496115 0.00203312 0.00705894 
114 0.252757 0.557697 0.172514 0.00365735 0.00971523 0.00106851 0.000846932 0.000536958 0.000331728 0.000875016 
115 0.486534 0.499576 0.0137851 5.75731e-05 1.71508e-05 1.19646e-05 5.0205e-06 2.83948e-06 3.0748e-06 7.00111e-06 
116 0.148869 0.748173 0.0882222 0.00544806 0.00333252 0.00193991 0.00122445 0.000703412 0.000538101 0.0015492 
117 0.119226 0.878247 0.000966591 0.00135442 7.75767e-05 4.18212e-05 2.65531e-05 1.62555e-05 1.24118e-05 3.21919e-05 
118 0.470543 0.52743 0.000877247 0.0010199 4.87828e-05 2.63492e-05 1.67296e-05 1.02417e-05 7.81997e-06 2.02823e-05 
119 0.0977799 0.8408 0.0333463 0.010555 0.00588934 0.00401364 0.00242809 0.00183145 0.000750546 0.00260587 
120 0.0827839 0.913598 0.00155007 0.000451408 0.00070143 0.000582308 0.000101607 5.83695e-05 4.46518e-05 0.000128553 
121 0.105191 0.892049 0.00117174 0.000636429 0.000859347 2.99517e-05 1.90078e-05 1.16363e-05 8.88484e-06 2.30443e-05 
122 0.303897 0.695763 0.000292104 2.35589e-05 1.32639e-05 3.96285e-06 2.12604e-06 2.04472e-06 1.63949e-06 1.63956e-06 
123 0.488324 0.49425 0.0166943 0.000260134 0.000176666 9.55826e-05 6.06874e-05 3.71521e-05 2.83672e-05 7.35749e-05 
124 0.352652 0.645006 0.0021277 0.000115172 3.63046e-05 2.53265e-05 1.06273e-05 6.01058e-06 6.50869e-06 1.48199e-05 
125 0.121664 0.853731 0.0132539 0.00444486 0.00248263 0.0013274 0.000947451 0.00059377 0.000441236 0.00111359 
126 0.290993 0.693119 0.0105044 0.00210841 0.00117753 0.000629597 0.000449384 0.00028163 0.000209282 0.000528185 
127 0.178756 0.730249 0.0491187 0.0144259 0.00703737 0.00376271 0.00268569 0.00168313 0.00125258 0.0110288 
128 0.707703 0.290799 0.00123169 9.252e-05 6.50825e-05 3.5212e-05 2.23568e-05 1.36866e-05 1.04503e-05 2.71045e-05 
129 0.102962 0.783273 0.0524645 0.0166461 0.00859137 0.0138004 0.00415156 0.00214506 0.00161796 0.0143476 
130 0.698779 0.294306 0.00581988 0.00100398 3.33885e-05 2.32868e-05 9.77144e-06 5.5265e-06 5.9845e-06 1.36263e-05 
131 0.914819 0.0841416 0.000302384 0.000714224 1.20459e-05 3.59081e-06 1.92645e-06 1.85276e-06 1.48557e-06 1.48563e-06 
132 0.110579 0.739631 0.118132 0.0155137 0.00625344 0.0029681 0.00211853 0.00132769 0.000986615 0.00249001 
133 0.180253 0.685825 0.0819504 0.0113317 0.0175853 0.00423337 0.0130018 0.00146792 0.001122 0.00323024 
134 0.700252 0.136985 0.131244 0.0100938 0.00793349 0.00613097 0.00336809 0.000824781 0.000799763 0.00236804 
135 0.262334 0.713528 0.00902019 0.00993839 0.00191637 0.000952994 0.000755372 0.000478908 0.000295865 0.00078042 
136 0.524618 0.469773 0.00215026 0.00324117 0.000146908 2.82474e-05 1.1853e-05 6.70379e-06 7.25935e-06 1.65291e-05 
137 0.182272 0.50397 0.152361 0.0415116 0.0213153 0.0612105 0.0122091 0.00496744 0.00509563 0.0150878 
138 0.0514498 0.669682 0.156438 0.0622482 0.0291891 0.00209774 0.0114927 0.0112455 3.47999e-05 0.00612214 
139 0.719296 0.117117 0.16263 0.000182469 0.000752445 9.14227e-06 3.82472e-06 2.16317e-06 2.34244e-06 5.33359e-06 
140 0.315078 0.658006 0.0249972 0.000666505 0.000468845 0.000253662 0.000161055 9.85959e-05 7.52822e-05 0.000195257 
141 0.0506573 0.547037 0.185473 0.109892 0.0593285 0.00322265 0.0176554 0.0172757 5.34607e-05 0.00940502 
142 0.259125 0.604975 0.111274 0.0117398 0.00476275 0.00243808 0.00174022 0.0010906 0.000810434 0.00204537 
143 0.949078 0.0253284 0.0254224 7.88777e-05 3.43669e-05 1.85937e-05 1.18055e-05 7.2272e-06 5.51828e-06 1.43125e-05 
144 0.130419 0.830949 0.0215591 0.00630194 0.00386493 0.00224984 0.00142007 0.000815792 0.000624069 0.0017967 
145 0.179784 0.71714 0.0483845 0.0172059 0.00961018 0.00513832 0.00366755 0.00229847 0.00170815 0.0150632 
146 0.599122 0.400303 0.00051356 3.00071e-05 1.68942e-05 5.0475e-06 2.70795e-06 2.60438e-06 2.08823e-06 2.08831e-06 
147 0.240405 0.74363 0.0111232 0.000389595 0.000122808 8.56723e-05 3.59492e-05 2.03321e-05 2.53497e-05 0.00416202 
148 0.337281 0.661368 0.00113139 7.60711e-05 5.35116e-05 2.89517e-05 1.8382e-05 1.12533e-05 8.59235e-06 2.22856e-05 
149 0.119649 0.879272 0.000669458 4.72569e-05 0.000305942 1.79857e-05 1.14192e-05 6.99067e-06 5.33768e-06 1.38441e-05 
150 0.753628 0.244862 0.00114047 0.000128458 9.03629e-05 4.88895e-05 3.1041e-05 1.90029e-05 1.45095e-05 3.76328e-05 
151 0.602322 0.253205 0.140456 0.000194428 0.00359817 0.000221328 7.3481e-07 7.06704e-07 5.66646e-07 5.66669e-07 
152 0.229195 0.620068 0.0900257 0.0242673 0.0100891 0.00870031 0.00575925 0.00234947 0.0024101 0.00713611 
153 0.197669 0.658472 0.0678795 0.0388913 0.00950799 0.00508366 0.00362854 0.00227406 0.0123281 0.00426484 
154 0.281821 0.71671 0.00109991 0.000128363 9.0296e-05 4.88533e-05 3.1018e-05 1.89888e-05 1.44988e-05 3.7605e-05 
155 0.719981 0.27764 0.00197446 0.00014043 9.87841e-05 5.34457e-05 3.39338e-05 2.07738e-05 1.58617e-05 4.11399e-05 
156 0.297427 0.671236 0.0209947 0.00770224 0.000992142 0.000481376 0.000381553 0.000241906 0.000149447 0.000394205 
157 0.103918 0.879116 0.00887447 0.00316862 0.00176979 0.000946265 0.000675411 0.000423282 0.000314544 0.000793846 
158 0.534997 0.460507 0.00298627 0.00117247 0.000126321 6.8344e-05 4.33931e-05 2.65647e-05 2.02833e-05 5.2608e-05 
159 0.144941 0.614297 0.173376 0.0286334 0.0181737 0.0056515 0.00459086 0.00237414 0.00176874 0.00619319 
160 0.316849 0.667407 0.0137775 0.000683911 0.00047992 0.000259654 0.000164859 0.000100925 7.70606e-05 0.000199869 
161 0.0932952 0.821186 0.0528677 0.0122759 0.00684956 0.00466803 0.00282398 0.00213006 0.000872918 0.00303074 
162 0.206414 0.673501 0.0579237 0.0141142 0.0251627 0.00433505 0.00299195 0.00187506 0.00139358 0.0122883 
163 0.093625 0.844258 0.0342502 0.0106014 0.00546433 0.00321211 0.00264167 0.00136612 0.00101777 0.00356368 
164 0.53726 0.461501 0.00118741 2.47759e-05 1.3949e-05 4.16755e-06 2.23586e-06 2.15034e-06 1.72418e-06 1.72425e-06 
165 0.310746 0.676499 0.00948152 0.00124591 0.000750325 0.00037313 0.000295754 0.000187509 0.000115841 0.000305561 
166 0.358618 0.629918 0.0084631 0.00152364 0.00054648 0.00027176 0.000215405 0.000136567 8.43701e-05 0.000222548 
167 0.626236 0.373389 0.00024241 9.21083e-05 1.50778e-05 8.0853e-06 5.13353e-06 3.14268e-06 2.39957e-06 6.22368e-06 
168 0.11165 0.881974 0.00338717 0.00113749 0.000685079 0.000340684 0.000270036 0.000171204 0.000105768 0.000278991 
169 0.360903 0.630143 0.00861374 0.000141228 7.44198e-05 4.02638e-05 2.55643e-05 1.56501e-05 1.19496e-05 3.09931e-05 
170 0.107163 0.876289 0.00898053 0.00296324 0.00165509 0.000884933 0.000631634 0.000395847 0.000294157 0.000742393 
171 0.275402 0.714803 0.00508974 0.00179058 0.00107841 0.000536286 0.000425076 0.0002695 0.000166495 0.000439172 
172 0.217734 0.448068 0.317936 0.00701903 0.00332248 0.00177645 0.00126796 0.000794637 0.000590502 0.00149031 
173 0.175074 0.81633 0.00511242 0.00110712 0.000568341 0.000334089 0.000277775 0.000720123 0.000105864 0.000370656 
174 0.987294 0.0100615 0.00140171 0.000477941 0.000755755 3.27213e-06 1.67995e-06 1.61569e-06 1.29548e-06 1.29554e-06 
175 0.269389 0.572884 0.156728 0.000363587 0.000238085 0.000128813 8.17858e-05 5.00682e-05 3.82293e-05 9.91537e-05 
176 0.15749 0.723236 0.0539434 0.0286135 0.0206837 0.0107526 0.00161069 0.000925294 0.000707837 0.00203787 
177 0.804867 0.189261 0.00437355 0.00148876 5.11585e-06 1.47742e-06 7.92628e-07 7.62311e-07 6.11232e-07 6.11256e-07 
178 0.209428 0.785067 0.00367868 0.00137289 0.00016954 9.17274e-05 5.82396e-05 3.56536e-05 2.7223e-05 7.06073e-05 
179 0.423182 0.576244 0.000500375 3.59033e-05 2.02138e-05 6.03929e-06 3.24004e-06 3.11611e-06 2.49855e-06 2.49865e-06 
180 0.709662 0.284979 0.00514112 7.564e-05 5.31616e-05 2.87623e-05 1.82618e-05 1.11796e-05 8.53615e-06 2.21399e-05 
181 0.222682 0.740609 0.0213605 0.00566505 0.00347432 0.00202246 0.00127655 0.000733345 0.000560999 0.00161512 
182 0.174562 0.657121 0.10463 0.0280639 0.00853359 0.0172525 0.00299991 0.00172336 0.00131835 0.00379553 
183 0.955297 0.00489834 0.00351814 0.0207166 0.0155382 1.98836e-05 8.20068e-06 4.73663e-07 9.41458e-07 2.79431e-06 
184 0.544103 0.445387 0.00550783 0.00195857 0.00109394 0.000584901 0.000417482 0.000261637 0.000194425 0.000490688 
185 0.194136 0.51466 0.286894 0.000326561 0.00395928 1.17656e-05 3.58607e-06 2.0282e-06 2.19628e-06 5.00079e-06 
186 0.884375 0.114372 0.000768782 1.39787e-05 7.87013e-06 2.43521e-06 0.000456551 1.21324e-06 9.72794e-07 9.72833e-07 
187 0.668032 0.330949 0.000810401 0.000111773 3.5233e-05 2.45789e-05 1.03137e-05 5.83317e-06 6.31658e-06 1.43824e-05 
188 0.352263 0.582781 0.0631729 0.000619345 0.000435356 0.000235543 0.000149551 9.15533e-05 6.99049e-05 0.00018131 
189 0.935485 0.0598189 0.00108604 0.000168688 0.00335401 3.50677e-05 1.4487e-05 8.19352e-06 8.87254e-06 2.02022e-05 
190 0.779386 0.212964 0.00688412 0.000344587 0.000157697 8.53195e-05 5.41711e-05 3.31629e-05 2.53213e-05 6.56749e-05 
191 0.17685 0.790192 0.0146979 0.00947308 0.0020357 0.00118449 0.000747639 0.000429498 0.000329849 0.0040599 
192 0.152407 0.68103 0.0796657 0.0406121 0.0155595 0.0106039 0.00641496 0.00483865 0.00198292 0.00688464 
193 0.0912008 0.906639 0.00113621 0.000389514 0.000234593 0.000116661 9.24689e-05 5.86256e-05 3.62184e-05 9.55351e-05 
194 0.218711 0.76221 0.0185605 0.000277932 8.75143e-05 6.10509e-05 2.56178e-05 1.44888e-05 1.56896e-05 3.57241e-05 
195 0.284108 0.71249 0.00294092 3.71141e-05 1.17498e-05 0.000394677 8.85954e-06 1.93677e-06 2.09727e-06 4.77536e-06 
196 0.32149 0.675743 0.00150821 0.000479067 0.000288528 0.000143482 0.000113728 7.21042e-05 4.45453e-05 0.0001175 
197 0.279396 0.690702 0.0218132 0.00307807 0.00185374 0.000921851 0.000730686 0.000463258 0.000286197 0.000754916 
198 0.920509 0.0654247 0.0140002 3.60155e-05 1.08124e-05 7.54288e-06 3.16509e-06 1.79011e-06 1.93846e-06 4.41374e-06 
199 0.242924 0.748553 0.00442514 0.00155935 0.000939149 0.00046703 0.000370182 0.000234697 0.000144994 0.000382457 
200 0.184712 0.804585 0.00519458 0.00292486 0.000928185 0.000539322 0.000340414 0.000195559 0.0001496 0.000430699 
201 0.220573 0.778535 0.000708038 9.85137e-05 3.10535e-05 2.16632e-05 9.09018e-06 5.1412e-06 5.56727e-06 1.26763e-05 
202 0.645809 0.303297 0.00930343 0.019769 0.0107472 0.000219141 9.19544e-05 5.20424e-05 0.0105826 0.000128244 
203 0.348934 0.583424 0.0230412 0.0263882 0.00292409 0.0117632 0.00115253 0.000730705 0.000451424 0.00119074 
204 0.400552 0.585302 0.0126165 0.00145322 2.80199e-05 1.95294e-05 8.19481e-06 4.6348e-06 5.0189e-06 1.14277e-05 
205 0.376069 0.585988 0.00821895 0.00294846 0.0148634 0.000367388 0.0109996 0.000165201 0.000105802 0.000274415 
206 0.914914 0.083863 0.00121307 4.92476e-06 2.73895e-06 8.18317e-07 4.39022e-07 4.2223e-07 3.3855e-07 3.38563e-07 
207 0.398828 0.487565 0.0766439 0.0228594 0.00129695 0.000705065 0.0110803 0.000272712 0.000208227 0.000540071 
208 0.72844 0.266509 0.00501025 2.0081e-05 1.12008e-05 3.34647e-06 1.79536e-06 1.72669e-06 1.38448e-06 1.38454e-06 
209 0.560682 0.433944 0.0045689 0.000568956 8.60011e-05 5.99953e-05 2.51748e-05 1.42383e-05 1.54183e-05 3.51064e-05 
210 0.803219 0.189369 0.00517875 0.000179694 0.00195416 3.95035e-05 1.65762e-05 9.37513e-06 1.01521e-05 2.31156e-05 
211 0.425867 0.527699 0.0194555 0.0122568 0.0106964 0.00117536 0.000931625 0.000590653 0.000364901 0.000962518 
212 0.0628349 0.911327 0.0126339 0.00496432 0.00276993 0.00188773 0.001142 0.000861386 0.000353004 0.00122562 
213 0.151468 0.766812 0.0453083 0.0138528 0.00713953 0.00419685 0.00345153 0.00178494 0.00132978 0.0046562 
214 0.166798 0.828886 0.00323218 0.000376717 0.000264999 0.000143374 9.10311e-05 5.57281e-05 4.25508e-05 0.000110362 
215 0.0963073 0.876594 0.0263579 0.000448708 0.000109523 5.92561e-05 3.76229e-05 2.30323e-05 1.75861e-05 4.56125e-05 
216 0.164021 0.833596 0.00186512 0.000277629 8.75143e-05 6.10509e-05 2.56178e-05 1.44888e-05 1.56896e-05 3.57241e-05 
217 0.0704481 0.915087 0.00845097 0.00292813 0.00110707 0.000644444 0.000406766 0.000233676 0.000178759 0.000514648 
218 0.453187 0.506825 0.031012 0.0010377 0.000729938 0.000394922 0.000250744 0.000153503 0.000117517 0.0062917 
219 0.611587 0.375603 0.00932715 0.00134732 0.000790036 0.000392878 0.000311407 0.000197433 0.000121972 0.000321733 
220 0.575525 0.416641 0.00753016 0.000110096 7.23869e-05 3.91639e-05 2.4866e-05 1.52226e-05 1.16231e-05 3.01465e-05 
221 0.528519 0.467617 0.00200509 0.000707091 0.00042586 0.000211776 0.00016786 0.000106424 6.57479e-05 0.000173427 
222 0.480819 0.466027 0.0198363 0.0156412 0.00162586 0.00087936 0.000558324 0.000341799 0.00068578 0.0135854 
223 0.369775 0.592277 0.02364 0.00905829 0.00189001 0.00100815 0.000719583 0.000450965 0.000335116 0.000845764 
224 0.344328 0.556696 0.0691291 0.00638714 0.0168025 0.00209817 0.0014906 0.000945046 0.000583841 0.00154003 
225 0.338886 0.613046 0.0327069 0.00567856 0.00347433 0.00202246 0.00127655 0.000733345 0.000560999 0.00161512 
226 0.245576 0.748123 0.00286194 0.00257501 0.000321539 0.000158475 0.000125612 7.96387e-05 4.92001e-05 0.000129778 
227 0.942743 0.0533717 0.00210066 0.0017375 1.73152e-05 1.17751e-05 4.94097e-06 2.7945e-06 3.02609e-06 6.89021e-06 
228 0.147066 0.849742 0.00247917 0.000247557 0.000174142 9.42171e-05 5.98204e-05 3.66213e-05 2.7962e-05 7.25238e-05 
229 0.62388 0.374523 0.00134202 8.85036e-05 6.22572e-05 3.36834e-05 2.13863e-05 1.30924e-05 9.99662e-06 2.59278e-05 
230 0.589257 0.380261 0.0283806 0.000902275 0.000443854 0.000220725 0.000174953 0.000110921 6.85259e-05 0.000180755 
231 0.152642 0.840634 0.00301711 0.000808553 0.00201252 0.0002885 0.000182088 0.000104604 8.00208e-05 0.000230381 
232 0.849926 0.149341 0.000398192 3.86634e-05 2.71975e-05 1.47148e-05 9.34275e-06 9.80147e-06 0.000223335 1.13913e-05 
233 0.570714 0.426434 0.00213673 0.000248266 0.000174641 9.44871e-05 5.99918e-05 3.67263e-05 2.80421e-05 7.27316e-05 
234 0.367978 0.628133 0.00221505 0.00060885 0.000420537 0.000345007 0.000272228 7.71539e-06 5.60681e-06 1.45422e-05 
235 0.253563 0.706257 0.0234742 0.00357483 0.00952625 0.00105273 0.000834291 0.000528943 0.000326777 0.000861956 
236 0.115078 0.884411 0.000404416 5.70655e-05 1.79882e-05 1.25487e-05 5.26562e-06 2.97812e-06 3.22492e-06 7.34294e-06 
237 0.101321 0.894016 0.00178822 0.00188404 0.000370278 0.000181289 0.000143695 9.11033e-05 5.62829e-05 0.00014846 
238 0.185012 0.571826 0.122416 0.0573107 0.0175463 0.0151488 0.0100279 0.00409083 0.0041964 0.0124252 
239 0.125734 0.8504 0.0138474 0.00369802 0.00226796 0.00132022 0.000833306 0.000478711 0.000366207 0.00105431 
240 0.124078 0.835648 0.0221124 0.00711178 0.00397221 0.00212384 0.00151592 0.000950032 0.000705978 0.00178174 
241 0.193227 0.672134 0.0770844 0.0225374 0.012588 0.00673048 0.00480398 0.00301067 0.00223725 0.00564637 
242 0.344335 0.608034 0.0177966 0.00627897 0.00378164 0.00188058 0.00153253 0.0142364 0.000583842 0.00154003 
243 0.329763 0.62252 0.0178827 0.00627897 0.00488517 0.0141094 0.00149161 0.000945046 0.000583841 0.00154003 
244 0.199411 0.700146 0.0560515 0.0163851 0.0100488 0.00584957 0.00369219 0.00212106 0.00162258 0.00467143 
245 0.177214 0.717144 0.0447786 0.0160015 0.00893747 0.00477864 0.00341083 0.00213757 0.00161806 0.0239793 
246 0.21335 0.646826 0.0661093 0.0231906 0.0134333 0.0209379 0.00494324 0.00309793 0.0023021 0.00581003 
247 0.199411 0.684762 0.0566351 0.0311861 0.0100488 0.00584957 0.00369219 0.00212106 0.00162258 0.00467143 
248 0.442361 0.518946 0.0192253 0.00225052 0.00158313 0.0138435 0.000543822 0.000332921 0.0002542 0.000659308 
249 0.477874 0.491685 0.0227641 0.002666 0.00187538 0.00101465 0.00064422 0.000394384 0.000301129 0.000781026 
250 0.201253 0.703284 0.0771312 0.00718306 0.00400783 0.00214289 0.00152952 0.000958553 0.000712309 0.00179772 
251 0.47141 0.527918 0.000355125 0.000120811 7.27611e-05 3.61835e-05 2.86801e-05 1.81833e-05 1.12335e-05 2.96311e-05 
252 0.272715 0.713697 0.00898809 0.00175064 0.00105436 0.000524324 0.000415595 0.000263488 0.000162781 0.000429376 
253 0.240663 0.754838 0.0027541 0.00064391 0.000394905 0.00022988 0.000145098 8.33547e-05 6.37652e-05 0.000183581 
254 0.0605894 0.897232 0.0168934 0.00746751 0.00805164 0.00219542 0.00266105 0.00137805 0.000918212 0.00261315 
255 0.213076 0.745552 0.0263892 0.00592606 0.00324962 0.00189165 0.00119399 0.000685915 0.000524715 0.00151066 
256 0.387218 0.603928 0.00585854 0.00297229 1.01416e-05 5.11759e-06 2.14741e-06 1.21453e-06 1.31518e-06 2.99458e-06 
257 0.109539 0.869536 0.0105107 0.00396168 0.00204199 0.00120035 0.000987179 0.000510514 0.000380334 0.00133173 
258 0.0864441 0.850144 0.0434781 0.00756114 0.00415947 0.00283471 0.00171489 0.0012935 0.000530089 0.00184045 
259 0.307956 0.691626 0.000359498 2.87159e-05 1.61673e-05 4.8303e-06 2.59143e-06 2.49231e-06 1.99837e-06 1.99845e-06 
260 0.304877 0.688877 0.00325685 0.00113749 0.00068508 0.000340684 0.000270036 0.000171204 0.000105768 0.000278991 
261 0.185275 0.78632 0.0175393 0.0022903 0.00137695 0.00553877 0.000542834 0.00034407 0.000212563 0.00056069 
262 0.227464 0.757262 0.00645182 0.00128317 0.000772814 0.000384334 0.00299565 0.00295167 0.000119314 0.00031472 
263 0.872878 0.126232 0.000717847 9.20035e-05 2.90013e-05 2.02316e-05 8.48946e-06 4.80145e-06 5.19936e-06 1.18386e-05 
264 0.205512 0.651549 0.0760943 0.0318267 0.00968954 0.00836134 0.00553486 0.00225793 0.0023162 0.00685808 
265 0.438712 0.559199 0.0020424 2.28743e-05 1.28784e-05 3.84769e-06 2.06426e-06 1.9853e-06 1.59185e-06 1.59191e-06 
266 0.356562 0.642467 0.000210722 0.000624055 0.000127928 3.46224e-06 1.4528e-06 8.21668e-07 8.89762e-07 2.02593e-06 
267 0.130868 0.842103 0.0151061 0.00440094 0.00269906 0.00157117 0.000991703 0.000569706 0.000435817 0.00125472 
268 0.1106 0.885215 0.0015824 0.000550245 0.00148988 0.000164045 0.000129994 8.24167e-05 5.09163e-05 0.000134305 
269 0.371297 0.607085 0.00487544 0.000728259 0.00791479 0.000167193 6.71974e-05 4.51587e-05 0.0077263 9.37109e-05 
270 0.144878 0.782946 0.0501499 0.00813 0.00498606 0.00290246 0.001832 0.00105243 0.000805097 0.00231788 
271 0.352703 0.620604 0.00999383 0.00351435 0.00211659 0.00108217 0.00801924 0.000777071 0.000326777 0.000861956 
272 0.0759453 0.906267 0.00898997 0.00334682 0.00172507 0.00101405 0.000833966 0.000431281 0.000321305 0.00112504 
273 0.706386 0.288824 0.00231339 0.002445 1.88956e-05 4.35379e-06 2.33578e-06 2.24644e-06 1.80123e-06 1.8013e-06 
274 0.237938 0.754829 0.00263824 0.00427536 0.000116572 8.13217e-05 3.41237e-05 1.92996e-05 2.0899e-05 4.75857e-05 
275 0.441511 0.527949 0.0165154 0.0069539 0.000195048 0.000136068 5.70958e-05 3.22921e-05 3.49682e-05 0.00661557 
276 0.3378 0.639881 0.0195233 0.00100578 0.000669778 0.000362374 0.000230079 0.000140851 0.000107546 0.000278938 
277 0.971909 0.025779 0.00065853 0.00164039 6.92842e-06 1.88002e-06 2.85368e-06 1.64826e-07 3.2761e-07 9.72368e-07 
278 0.239723 0.63933 0.06069 0.0221821 0.0210241 0.00588776 0.00355898 0.00268446 0.00110012 0.00381956 
279 0.196293 0.540536 0.135606 0.0446105 0.022945 0.0198099 0.0131134 0.00534955 0.00548761 0.0162484 
280 0.143859 0.851758 0.00164386 0.000576405 0.000347152 0.000172635 0.000137135 0.0013104 5.36364e-05 0.000141373 
281 0.409137 0.590252 0.00046097 5.21958e-05 3.67168e-05 1.98651e-05 1.26127e-05 7.72137e-06 5.8956e-06 1.52912e-05 
282 0.468398 0.487503 0.0289807 0.00318201 0.00867257 0.000953463 0.000755372 0.000478908 0.000295865 0.00078042 
283 0.940662 0.0380556 0.0207273 0.000377324 8.11317e-05 3.12568e-05 1.98456e-05 1.21492e-05 9.27647e-06 2.406e-05 
284 0.47943 0.517577 0.00158518 0.000535748 0.000322665 0.000160459 0.000127184 8.06353e-05 4.98158e-05 0.000131402 
285 0.101505 0.847721 0.0307426 0.00784392 0.00438111 0.00234247 0.00167197 0.00104783 0.000778652 0.00196516 
286 0.120152 0.698745 0.126244 0.026453 0.0119982 0.00302446 0.00215875 0.00135289 0.00104977 0.00882198 
287 0.641229 0.332432 0.0243648 0.000686754 0.000481816 0.00026068 0.000165511 0.000101324 7.73651e-05 0.000200659 
288 0.375098 0.587119 0.0183561 0.00532821 0.00785856 0.00230534 0.00119996 0.000689344 0.000527339 0.00151821 
289 0.822312 0.177448 0.000205832 1.68204e-05 9.47002e-06 2.82936e-06 1.51793e-06 1.45988e-06 1.17055e-06 1.1706e-06 
290 0.462462 0.522289 0.0119324 0.00259401 0.000270295 0.000146235 9.28477e-05 5.68402e-05 4.34e-05 0.000112565 
291 0.713153 0.283823 0.000711572 0.000100607 3.17135e-05 2.21237e-05 9.28338e-06 5.25047e-06 5.88683e-06 0.00213795 
292 0.250025 0.74657 0.0026655 0.000256726 0.000180592 9.77067e-05 6.2036e-05 3.79777e-05 2.89976e-05 7.52099e-05 
293 0.179345 0.724866 0.0633693 0.0119666 0.00733902 0.00427216 0.00269654 0.00154909 0.00118503 0.00341172 
294 0.190757 0.662329 0.0639556 0.033748 0.013369 0.0203604 0.00473751 0.00296885 0.00220618 0.00556795 
295 0.293934 0.697882 0.00787576 0.00016552 5.2172e-05 3.63957e-05 1.52721e-05 8.63757e-06 9.35339e-06 2.12971e-05 
296 0.190615 0.683902 0.0683447 0.0156622 0.0243114 0.00559151 0.00352929 0.00202748 0.001551 0.00446533 
297 0.20233 0.575151 0.138931 0.0534981 0.0117853 0.00549269 0.00392049 0.00245698 0.0018258 0.00460796 
298 0.207865 0.632145 0.0678364 0.054484 0.0135416 0.00724037 0.00516792 0.00323875 0.00240674 0.00607412 
299 0.16824 0.826013 0.00285876 0.000334062 0.00216141 0.000127145 8.06826e-05 4.93929e-05 3.77136e-05 9.78163e-05 
300 0.457457 0.539492 0.00194649 0.000798801 0.00015406 4.89621e-05 3.10871e-05 1.90311e-05 1.45311e-05 3.76887e-05 
301 0.166699 0.798185 0.0196035 0.00572596 0.00351168 0.00204421 0.00129028 0.00074123 0.000567031 0.00163249 
302 0.187852 0.688523 0.0528224 0.0154352 0.0094965 0.0200897 0.0177074 0.00214496 0.00152852 0.00440062 
303 0.353299 0.645115 0.00127309 0.000167857 5.2912e-05 3.6912e-05 1.54888e-05 8.76009e-06 9.48607e-06 2.15992e-05 
304 0.115062 0.631401 0.0992876 0.0550661 0.0451261 0.0141091 0.0152803 0.00883296 0.00179954 0.0140359 
305 0.800276 0.187662 0.00832948 0.0013782 0.000844984 0.000491879 0.000310468 0.000178355 0.000136439 0.000392811 
306 0.18256 0.814113 0.00304612 0.000152164 4.68483e-05 3.26819e-05 1.37138e-05 7.75619e-06 8.39897e-06 1.91239e-05 
307 0.451352 0.516496 0.0303299 0.000736264 0.000406332 0.00021984 0.000139581 8.54498e-05 6.52446e-05 0.000169222 
308 0.371669 0.625245 0.00174807 0.000509106 0.000306619 0.000152479 0.000120859 7.66253e-05 4.73385e-05 0.000124867 
309 0.151014 0.699693 0.127918 0.00812689 0.00445342 0.00303505 0.00183608 0.00138491 0.000567551 0.00197052 
310 0.132802 0.814257 0.0287632 0.00666226 0.0102659 0.00236164 0.00149063 0.000856328 0.000655079 0.00188598 
311 0.906412 0.0929086 0.000160711 0.000498929 7.14417e-06 4.98166e-06 2.09037e-06 1.18227e-06 1.28024e-06 2.91503e-06 
312 0.188578 0.805385 0.00226381 0.000818699 0.00214005 0.000237861 0.000188524 0.000119525 7.38416e-05 0.000194776 
313 0.143938 0.790191 0.0344372 0.0123089 0.00687497 0.00367588 0.00262371 0.00164429 0.00122188 0.00308379 
314 0.0962725 0.891599 0.00679467 0.00196863 0.00120734 0.000702814 0.000443608 0.000254841 0.00019495 0.000561262 
315 0.175532 0.789249 0.018321 0.00531612 0.00296926 0.0015902 0.00445039 0.00071258 0.000527724 0.00133187 
316 0.165517 0.665321 0.0770354 0.0291945 0.0153872 0.023891 0.00727477 0.0037621 0.00280277 0.00981383 
317 0.174433 0.661027 0.0760791 0.0249549 0.0205258 0.0235174 0.00598635 0.0030954 0.00230608 0.00807467 
318 0.203737 0.627896 0.103124 0.0205492 0.0114583 0.00615373 0.0171651 0.0027415 0.00203647 0.00513965 
319 0.203104 0.754626 0.0291358 0.0048598 0.00296897 0.00172828 0.00109087 0.000626677 0.000479399 0.00138019 
320 0.399077 0.59721 0.00307677 0.000221077 0.000155484 8.41225e-05 5.34111e-05 3.26976e-05 2.49661e-05 6.47534e-05 
321 0.224578 0.754188 0.0149333 0.00205745 0.002592 0.000497926 0.000353088 0.000221281 0.000164436 0.000415002 
322 0.783756 0.178981 0.00779465 0.0147234 0.000247144 7.37656e-05 3.95748e-05 3.80611e-05 3.09365e-05 0.0143158 
323 0.441895 0.512482 0.0335749 0.0112126 0.000304525 0.000212432 8.91394e-05 5.04152e-05 5.45933e-05 0.000124305 
324 0.285678 0.692035 0.020966 0.00046199 0.000321635 0.000174016 0.000110486 6.76383e-05 5.16448e-05 0.000133949 
325 0.772488 0.224656 0.00145937 0.00016135 0.000113501 6.14078e-05 3.89891e-05 2.38689e-05 0.00094875 4.7842e-05 
326 0.109926 0.812337 0.0441287 0.0162452 0.00549536 0.00323016 0.00265651 0.0013738 0.00102348 0.0035837 
327 0.20413 0.44799 0.18482 0.0901015 0.028124 0.0148005 0.00979735 0.00399679 0.00409994 0.0121396 
328 0.161905 0.415006 0.379891 0.0119684 0.00629458 0.00934508 0.00295555 0.0071077 0.00161401 0.00391349 
329 0.43962 0.556913 0.000333403 0.00285906 0.00026587 3.48661e-06 1.43773e-06 8.13149e-07 8.80537e-07 2.00493e-06 
330 0.158447 0.782648 0.0399517 0.00519534 0.00318621 0.00185474 0.00117069 0.000675277 0.00538964 0.00148132 
331 0.271578 0.702347 0.016648 0.00108987 0.000767285 0.00669234 0.000274498 0.000161226 0.000123103 0.000319287 
332 0.388031 0.572551 0.0146753 0.00171574 0.00120693 0.00065299 0.000414597 0.000253811 0.000194251 0.0203041 
333 0.398208 0.580265 0.0112128 0.00502121 0.00190454 0.00101673 0.000725708 0.000454803 0.000337968 0.000852962 
334 0.260827 0.735345 0.00211283 0.000138111 0.00150038 3.11002e-05 1.27342e-05 7.20218e-06 7.79904e-06 1.77579e-05 
335 0.3035 0.676768 0.0104968 0.00351435 0.00211659 0.00105256 0.000834291 0.000528943 0.000326777 0.000861956 
336 0.355751 0.592476 0.0193443 0.0108504 0.0145778 0.00204415 0.00162022 0.00102722 0.00063461 0.00167394 
337 0.355677 0.607576 0.0190677 0.00672747 0.00405176 0.0020149 0.00159707 0.00101255 0.000625544 0.00165003 
338 0.193459 0.694172 0.0543784 0.0307488 0.00982128 0.00567496 0.00358197 0.00205774 0.00157415 0.00453198 
339 0.461644 0.506838 0.0199199 0.0031797 0.00194977 0.00113499 0.000716394 0.000411549 0.000314898 0.0038914 
340 0.157291 0.792828 0.0257073 0.00845388 0.00434819 0.00375407 0.00248504 0.00101376 0.00103992 0.00307914 
341 0.25843 0.727816 0.00697171 0.000784118 0.000551582 0.000298425 0.000189476 0.000115995 8.86481e-05 0.00475452 
342 0.19176 0.763683 0.0267898 0.00695718 0.00388585 0.00207767 0.00148297 0.00092938 0.00069063 0.00174301 
343 0.174473 0.752571 0.046973 0.0103472 0.00562105 0.00300544 0.00214517 0.00134439 0.000999025 0.00252133 
344 0.217207 0.615402 0.0904407 0.030249 0.0293915 0.00519419 0.00370742 0.00232345 0.00172658 0.00435752 
345 0.174498 0.807469 0.00678925 0.00236645 0.00142524 0.000710587 0.00558508 0.000356177 0.000220041 0.000580413 
346 0.151947 0.785986 0.0550955 0.00560591 0.0005064 0.000250966 0.000198924 0.000126118 7.79148e-05 0.00020552 
347 0.685349 0.30416 0.00594793 0.003051 0.000924233 0.00018371 0.000116642 7.14065e-05 5.4522e-05 0.000141411 
348 0.855952 0.14073 0.00281737 0.000173994 0.000122389 6.62168e-05 4.20424e-05 2.57378e-05 1.9652e-05 5.09705e-05 
349 0.189175 0.665698 0.0786061 0.0413026 0.00922966 0.00520852 0.00328756 0.00188861 0.00144476 0.00415949 
350 0.198965 0.590138 0.185552 0.0103241 0.00906832 0.00179393 0.0012727 0.000797602 0.000592705 0.00149587 
351 0.102556 0.894822 0.00136162 0.000479554 0.000288822 0.000143628 0.000113844 7.21776e-05 4.45907e-05 0.000117619 
352 0.746618 0.250358 0.00158038 0.000549501 0.000330948 0.000164578 0.000130449 8.27052e-05 5.10946e-05 0.000134775 
353 0.204369 0.606969 0.141528 0.0247349 0.00805177 0.00430508 0.00307282 0.00192574 0.00143104 0.00361164 
354 0.327808 0.64754 0.013743 0.00687412 0.00149275 0.000742332 0.000588395 0.000373044 0.000230464 0.000607906 
355 0.166887 0.61706 0.130534 0.0249554 0.0275548 0.00861528 0.00933047 0.00539358 0.00109883 0.00857062 
356 0.14726 0.733131 0.0689338 0.0257491 0.00900109 0.00477864 0.00341083 0.00213757 0.00158845 0.00400892 
